Position	Nucleotide	Multiplicity	Frequency
52	C	1	0.02127659574468085
53	G	16	0.3404255319148936
56	C	16	0.3404255319148936
63	C	1	0.02127659574468085
67	G	3	0.06382978723404255
72	C	1	0.02127659574468085
76	A	4	0.0851063829787234
79	G	1	0.02127659574468085
81	C	1	0.02127659574468085
82	C	1	0.02127659574468085
90	C	7	0.14893617021276595
93	C	1	0.02127659574468085
97	A	1	0.02127659574468085
100	T	3	0.06382978723404255
102	A	39	0.8297872340425532
102	C	1	0.02127659574468085
104	C	5	0.10638297872340426
116	A	1	0.02127659574468085
117	C	1	0.02127659574468085
121	C	3	0.06382978723404255
142	G	1	0.02127659574468085
156	G	1	0.02127659574468085
158	G	1	0.02127659574468085
160	C	1	0.02127659574468085
160	G	1	0.02127659574468085
163	T	3	0.06382978723404255
164	A	1	0.02127659574468085
165	G	1	0.02127659574468085
169	T	1	0.02127659574468085
171	C	1	0.02127659574468085
172	G	1	0.02127659574468085
173	T	2	0.0425531914893617
178	C	1	0.02127659574468085
180	C	39	0.8297872340425532
180	T	1	0.02127659574468085
185	A	39	0.8297872340425532
185	C	1	0.02127659574468085
190	T	40	0.851063829787234
191	G	3	0.06382978723404255
192	A	4	0.0851063829787234
193	C	7	0.14893617021276595
194	G	39	0.8297872340425532
194	T	1	0.02127659574468085
196	G	1	0.02127659574468085
199	C	1	0.02127659574468085
199	G	1	0.02127659574468085
202	G	1	0.02127659574468085
204	C	1	0.02127659574468085
206	C	40	0.851063829787234
210	G	3	0.06382978723404255
212	C	1	0.02127659574468085
212	G	3	0.06382978723404255
213	C	1	0.02127659574468085
213	G	1	0.02127659574468085
214	T	4	0.0851063829787234
215	T	4	0.0851063829787234
217	A	2	0.0425531914893617
219	C	1	0.02127659574468085
221	T	4	0.0851063829787234
222	G	4	0.0851063829787234
224	G	40	0.851063829787234
226	G	1	0.02127659574468085
228	G	1	0.02127659574468085
230	G	2	0.0425531914893617
235	T	40	0.851063829787234
239	T	40	0.851063829787234
242	A	1	0.02127659574468085
246	C	1	0.02127659574468085
250	C	1	0.02127659574468085
254	A	40	0.851063829787234
267	G	1	0.02127659574468085
275	A	3	0.06382978723404255
275	T	1	0.02127659574468085
278	A	1	0.02127659574468085
287	C	40	0.851063829787234
290	G	1	0.02127659574468085
295	T	1	0.02127659574468085
299	G	40	0.851063829787234
