Position	Nucleotide	Multiplicity	Frequency
52	C	2	0.005390835579514825
52	G	1	0.0026954177897574125
54	C	4	0.01078167115902965
54	G	1	0.0026954177897574125
55	C	2	0.005390835579514825
56	A	1	0.0026954177897574125
59	C	371	1.0
61	T	2	0.005390835579514825
62	T	3	0.008086253369272238
63	C	1	0.0026954177897574125
65	T	1	0.0026954177897574125
66	G	1	0.0026954177897574125
67	G	7	0.018867924528301886
68	A	2	0.005390835579514825
69	A	1	0.0026954177897574125
70	T	17	0.04582210242587601
71	C	5	0.013477088948787063
71	G	2	0.005390835579514825
71	T	32	0.0862533692722372
74	A	1	0.0026954177897574125
75	A	1	0.0026954177897574125
77	G	3	0.008086253369272238
81	G	28	0.07547169811320754
81	T	19	0.05121293800539083
82	A	1	0.0026954177897574125
82	G	9	0.02425876010781671
83	G	8	0.0215633423180593
83	T	35	0.09433962264150944
84	C	11	0.029649595687331536
85	A	1	0.0026954177897574125
85	C	1	0.0026954177897574125
86	A	1	0.0026954177897574125
86	T	1	0.0026954177897574125
87	G	2	0.005390835579514825
88	G	28	0.07547169811320754
88	T	19	0.05121293800539083
89	G	1	0.0026954177897574125
89	T	1	0.0026954177897574125
90	G	33	0.0889487870619946
91	A	25	0.0673854447439353
91	T	19	0.05121293800539083
92	G	42	0.11320754716981132
92	T	37	0.09973045822102426
93	C	2	0.005390835579514825
93	G	1	0.0026954177897574125
94	T	7	0.018867924528301886
95	T	28	0.07547169811320754
96	C	81	0.2183288409703504
97	C	1	0.0026954177897574125
97	G	41	0.1105121293800539
97	T	187	0.5040431266846361
98	C	27	0.07277628032345014
99	C	47	0.12668463611859837
99	G	6	0.016172506738544475
99	T	103	0.2776280323450135
100	C	6	0.016172506738544475
101	A	151	0.40700808625336926
101	C	6	0.016172506738544475
102	T	183	0.49326145552560646
103	G	1	0.0026954177897574125
104	T	29	0.07816711590296496
106	A	1	0.0026954177897574125
106	T	1	0.0026954177897574125
107	A	2	0.005390835579514825
109	A	1	0.0026954177897574125
109	C	6	0.016172506738544475
110	A	9	0.02425876010781671
110	T	1	0.0026954177897574125
111	G	1	0.0026954177897574125
111	T	1	0.0026954177897574125
112	A	1	0.0026954177897574125
112	T	1	0.0026954177897574125
113	C	8	0.0215633423180593
113	G	3	0.008086253369272238
114	G	1	0.0026954177897574125
115	C	1	0.0026954177897574125
115	G	3	0.008086253369272238
115	T	1	0.0026954177897574125
116	A	2	0.005390835579514825
116	T	1	0.0026954177897574125
117	A	15	0.04043126684636118
117	C	1	0.0026954177897574125
118	A	1	0.0026954177897574125
119	A	2	0.005390835579514825
119	G	2	0.005390835579514825
119	T	3	0.008086253369272238
120	A	2	0.005390835579514825
121	T	1	0.0026954177897574125
122	C	21	0.05660377358490566
123	A	1	0.0026954177897574125
125	C	2	0.005390835579514825
126	T	1	0.0026954177897574125
127	C	1	0.0026954177897574125
127	T	1	0.0026954177897574125
128	C	2	0.005390835579514825
128	G	91	0.24528301886792453
129	A	1	0.0026954177897574125
131	A	1	0.0026954177897574125
131	C	1	0.0026954177897574125
132	T	1	0.0026954177897574125
133	C	2	0.005390835579514825
133	G	1	0.0026954177897574125
134	C	48	0.1293800539083558
134	G	1	0.0026954177897574125
135	A	1	0.0026954177897574125
136	C	1	0.0026954177897574125
136	G	3	0.008086253369272238
137	C	16	0.0431266846361186
137	T	2	0.005390835579514825
138	C	3	0.008086253369272238
138	G	1	0.0026954177897574125
139	A	19	0.05121293800539083
140	A	3	0.008086253369272238
140	C	19	0.05121293800539083
141	G	17	0.04582210242587601
141	T	1	0.0026954177897574125
142	A	1	0.0026954177897574125
142	C	2	0.005390835579514825
143	T	1	0.0026954177897574125
145	A	3	0.008086253369272238
145	C	19	0.05121293800539083
146	G	2	0.005390835579514825
147	C	6	0.016172506738544475
147	G	10	0.026954177897574125
147	T	1	0.0026954177897574125
148	A	18	0.04851752021563342
148	C	2	0.005390835579514825
149	C	40	0.1078167115902965
149	G	71	0.19137466307277629
150	C	2	0.005390835579514825
150	G	1	0.0026954177897574125
150	T	1	0.0026954177897574125
151	A	2	0.005390835579514825
152	A	1	0.0026954177897574125
153	G	12	0.03234501347708895
154	G	2	0.005390835579514825
156	A	1	0.0026954177897574125
157	A	2	0.005390835579514825
158	A	32	0.0862533692722372
158	C	10	0.026954177897574125
159	C	2	0.005390835579514825
159	G	70	0.18867924528301888
159	T	1	0.0026954177897574125
160	A	30	0.08086253369272237
160	C	157	0.42318059299191374
160	T	1	0.0026954177897574125
161	C	17	0.04582210242587601
161	G	5	0.013477088948787063
162	A	169	0.4555256064690027
162	T	1	0.0026954177897574125
163	A	5	0.013477088948787063
163	C	6	0.016172506738544475
164	A	32	0.0862533692722372
164	C	1	0.0026954177897574125
165	A	1	0.0026954177897574125
165	T	1	0.0026954177897574125
166	C	5	0.013477088948787063
167	A	7	0.018867924528301886
167	C	72	0.1940700808625337
168	G	44	0.11859838274932614
169	A	127	0.3423180592991914
170	A	18	0.04851752021563342
171	G	53	0.14285714285714285
171	T	157	0.42318059299191374
172	A	2	0.005390835579514825
172	G	1	0.0026954177897574125
172	T	19	0.05121293800539083
173	G	1	0.0026954177897574125
173	T	1	0.0026954177897574125
174	G	1	0.0026954177897574125
175	A	187	0.5040431266846361
175	C	123	0.33153638814016173
176	A	1	0.0026954177897574125
176	G	1	0.0026954177897574125
176	T	57	0.15363881401617252
177	A	8	0.0215633423180593
178	C	1	0.0026954177897574125
178	T	34	0.09164420485175202
179	A	1	0.0026954177897574125
179	T	54	0.14555256064690028
180	A	4	0.01078167115902965
180	T	19	0.05121293800539083
181	A	6	0.016172506738544475
182	C	3	0.008086253369272238
182	G	2	0.005390835579514825
183	T	1	0.0026954177897574125
184	C	1	0.0026954177897574125
184	G	1	0.0026954177897574125
185	A	20	0.05390835579514825
185	T	1	0.0026954177897574125
186	C	2	0.005390835579514825
186	G	2	0.005390835579514825
187	C	3	0.008086253369272238
187	G	6	0.016172506738544475
188	A	20	0.05390835579514825
189	C	1	0.0026954177897574125
190	A	1	0.0026954177897574125
190	C	3	0.008086253369272238
190	G	1	0.0026954177897574125
191	T	36	0.09703504043126684
192	A	2	0.005390835579514825
192	G	5	0.013477088948787063
192	T	2	0.005390835579514825
193	G	2	0.005390835579514825
194	A	1	0.0026954177897574125
196	A	35	0.09433962264150944
196	C	2	0.005390835579514825
196	T	1	0.0026954177897574125
197	A	1	0.0026954177897574125
197	T	6	0.016172506738544475
198	C	5	0.013477088948787063
198	G	1	0.0026954177897574125
199	A	1	0.0026954177897574125
200	C	2	0.005390835579514825
200	G	3	0.008086253369272238
200	T	1	0.0026954177897574125
201	A	6	0.016172506738544475
202	C	4	0.01078167115902965
203	A	1	0.0026954177897574125
204	C	1	0.0026954177897574125
204	G	48	0.1293800539083558
205	A	1	0.0026954177897574125
205	G	32	0.0862533692722372
207	C	32	0.0862533692722372
207	G	59	0.15902964959568733
209	A	2	0.005390835579514825
209	T	2	0.005390835579514825
210	C	1	0.0026954177897574125
210	G	4	0.01078167115902965
211	A	2	0.005390835579514825
211	T	18	0.04851752021563342
212	A	10	0.026954177897574125
213	C	1	0.0026954177897574125
213	G	1	0.0026954177897574125
214	T	1	0.0026954177897574125
215	A	1	0.0026954177897574125
215	T	20	0.05390835579514825
216	A	2	0.005390835579514825
217	G	2	0.005390835579514825
218	A	4	0.01078167115902965
218	T	47	0.12668463611859837
219	G	2	0.005390835579514825
220	A	8	0.0215633423180593
220	G	32	0.0862533692722372
220	T	1	0.0026954177897574125
221	A	1	0.0026954177897574125
221	T	1	0.0026954177897574125
222	C	1	0.0026954177897574125
223	A	1	0.0026954177897574125
223	T	1	0.0026954177897574125
224	A	2	0.005390835579514825
224	T	1	0.0026954177897574125
225	C	2	0.005390835579514825
225	G	1	0.0026954177897574125
226	A	3	0.008086253369272238
226	T	2	0.005390835579514825
227	A	2	0.005390835579514825
228	C	5	0.013477088948787063
228	G	35	0.09433962264150944
229	A	52	0.14016172506738545
229	C	6	0.016172506738544475
229	T	1	0.0026954177897574125
230	A	4	0.01078167115902965
230	T	5	0.013477088948787063
231	C	4	0.01078167115902965
231	G	2	0.005390835579514825
232	A	3	0.008086253369272238
232	T	1	0.0026954177897574125
233	C	2	0.005390835579514825
233	G	22	0.05929919137466307
233	T	5	0.013477088948787063
234	A	9	0.02425876010781671
234	T	1	0.0026954177897574125
235	C	5	0.013477088948787063
235	G	4	0.01078167115902965
236	G	23	0.06199460916442048
236	T	1	0.0026954177897574125
237	C	7	0.018867924528301886
237	G	1	0.0026954177897574125
238	G	1	0.0026954177897574125
239	A	2	0.005390835579514825
239	T	3	0.008086253369272238
240	C	1	0.0026954177897574125
240	G	1	0.0026954177897574125
241	A	2	0.005390835579514825
241	C	1	0.0026954177897574125
242	C	1	0.0026954177897574125
242	T	1	0.0026954177897574125
243	A	1	0.0026954177897574125
243	C	8	0.0215633423180593
243	T	1	0.0026954177897574125
244	C	1	0.0026954177897574125
244	G	4	0.01078167115902965
245	A	58	0.15633423180592992
245	C	14	0.03773584905660377
245	T	1	0.0026954177897574125
246	T	58	0.15633423180592992
247	G	1	0.0026954177897574125
248	A	2	0.005390835579514825
248	T	1	0.0026954177897574125
249	C	1	0.0026954177897574125
249	G	33	0.0889487870619946
250	A	1	0.0026954177897574125
250	C	32	0.0862533692722372
250	T	32	0.0862533692722372
251	A	4	0.01078167115902965
251	T	6	0.016172506738544475
252	C	2	0.005390835579514825
252	G	1	0.0026954177897574125
254	A	2	0.005390835579514825
255	T	1	0.0026954177897574125
256	C	2	0.005390835579514825
256	G	2	0.005390835579514825
257	C	55	0.14824797843665768
258	C	34	0.09164420485175202
258	G	3	0.008086253369272238
258	T	2	0.005390835579514825
259	A	25	0.0673854447439353
259	C	6	0.016172506738544475
259	T	1	0.0026954177897574125
260	C	7	0.018867924528301886
260	G	56	0.1509433962264151
260	T	1	0.0026954177897574125
261	C	9	0.02425876010781671
261	G	1	0.0026954177897574125
262	A	8	0.0215633423180593
262	T	1	0.0026954177897574125
263	C	68	0.18328840970350405
264	A	5	0.013477088948787063
264	T	2	0.005390835579514825
265	G	11	0.029649595687331536
266	A	37	0.09973045822102426
266	C	29	0.07816711590296496
266	T	1	0.0026954177897574125
267	A	1	0.0026954177897574125
267	C	1	0.0026954177897574125
268	C	2	0.005390835579514825
268	G	3	0.008086253369272238
269	A	5	0.013477088948787063
269	T	1	0.0026954177897574125
270	G	3	0.008086253369272238
271	A	2	0.005390835579514825
272	A	1	0.0026954177897574125
272	T	1	0.0026954177897574125
273	A	1	0.0026954177897574125
273	T	1	0.0026954177897574125
274	G	5	0.013477088948787063
274	T	5	0.013477088948787063
275	A	1	0.0026954177897574125
275	T	1	0.0026954177897574125
276	A	7	0.018867924528301886
277	G	4	0.01078167115902965
278	A	17	0.04582210242587601
278	C	36	0.09703504043126684
278	T	37	0.09973045822102426
279	A	1	0.0026954177897574125
279	G	1	0.0026954177897574125
281	C	14	0.03773584905660377
281	G	1	0.0026954177897574125
282	C	1	0.0026954177897574125
283	C	1	0.0026954177897574125
283	G	2	0.005390835579514825
284	T	40	0.1078167115902965
286	T	1	0.0026954177897574125
287	C	7	0.018867924528301886
287	G	2	0.005390835579514825
289	A	1	0.0026954177897574125
289	T	32	0.0862533692722372
