Position	Nucleotide	Multiplicity	Frequency
48	G	1	0.0031545741324921135
49	T	1	0.0031545741324921135
50	T	2	0.006309148264984227
53	C	8	0.025236593059936908
54	A	1	0.0031545741324921135
54	C	1	0.0031545741324921135
55	T	1	0.0031545741324921135
56	A	8	0.025236593059936908
56	T	1	0.0031545741324921135
58	C	2	0.006309148264984227
60	G	2	0.006309148264984227
61	T	3	0.00946372239747634
63	C	1	0.0031545741324921135
64	A	1	0.0031545741324921135
64	T	1	0.0031545741324921135
65	T	11	0.03470031545741325
67	G	29	0.0914826498422713
67	T	1	0.0031545741324921135
69	A	14	0.04416403785488959
69	T	1	0.0031545741324921135
70	C	4	0.012618296529968454
72	A	6	0.01892744479495268
72	C	2	0.006309148264984227
73	C	6	0.01892744479495268
73	T	1	0.0031545741324921135
75	A	1	0.0031545741324921135
76	T	1	0.0031545741324921135
77	A	1	0.0031545741324921135
77	C	3	0.00946372239747634
80	C	3	0.00946372239747634
81	G	1	0.0031545741324921135
82	T	1	0.0031545741324921135
83	T	3	0.00946372239747634
84	C	29	0.0914826498422713
85	C	2	0.006309148264984227
85	G	1	0.0031545741324921135
86	G	1	0.0031545741324921135
87	C	1	0.0031545741324921135
87	G	2	0.006309148264984227
90	A	1	0.0031545741324921135
90	C	1	0.0031545741324921135
90	T	1	0.0031545741324921135
91	C	1	0.0031545741324921135
92	C	1	0.0031545741324921135
93	A	7	0.022082018927444796
93	C	39	0.12302839116719243
94	T	44	0.138801261829653
95	T	8	0.025236593059936908
96	C	1	0.0031545741324921135
97	C	274	0.8643533123028391
97	T	18	0.056782334384858045
98	G	22	0.0694006309148265
98	T	1	0.0031545741324921135
100	A	1	0.0031545741324921135
101	A	1	0.0031545741324921135
102	C	1	0.0031545741324921135
102	G	2	0.006309148264984227
103	A	41	0.12933753943217666
103	C	2	0.006309148264984227
104	T	45	0.14195583596214512
105	A	1	0.0031545741324921135
105	C	1	0.0031545741324921135
108	C	1	0.0031545741324921135
108	G	25	0.07886435331230283
109	G	1	0.0031545741324921135
112	C	1	0.0031545741324921135
112	T	1	0.0031545741324921135
115	G	3	0.00946372239747634
116	A	12	0.03785488958990536
117	G	1	0.0031545741324921135
117	T	24	0.07570977917981073
118	A	1	0.0031545741324921135
118	T	2	0.006309148264984227
119	A	1	0.0031545741324921135
119	G	39	0.12302839116719243
119	T	1	0.0031545741324921135
120	A	1	0.0031545741324921135
122	C	1	0.0031545741324921135
122	G	2	0.006309148264984227
122	T	1	0.0031545741324921135
124	A	1	0.0031545741324921135
124	T	1	0.0031545741324921135
126	C	1	0.0031545741324921135
127	C	2	0.006309148264984227
127	G	5	0.015772870662460567
128	C	1	0.0031545741324921135
129	A	2	0.006309148264984227
129	T	2	0.006309148264984227
130	A	1	0.0031545741324921135
131	C	13	0.04100946372239748
132	A	1	0.0031545741324921135
133	C	1	0.0031545741324921135
134	T	1	0.0031545741324921135
135	A	2	0.006309148264984227
135	C	1	0.0031545741324921135
136	C	3	0.00946372239747634
136	G	1	0.0031545741324921135
137	A	1	0.0031545741324921135
138	C	1	0.0031545741324921135
139	A	2	0.006309148264984227
140	C	1	0.0031545741324921135
141	G	3	0.00946372239747634
142	C	3	0.00946372239747634
142	G	1	0.0031545741324921135
143	A	1	0.0031545741324921135
143	G	1	0.0031545741324921135
144	A	1	0.0031545741324921135
146	A	1	0.0031545741324921135
147	A	2	0.006309148264984227
147	T	3	0.00946372239747634
148	C	3	0.00946372239747634
149	C	4	0.012618296529968454
149	T	4	0.012618296529968454
150	C	2	0.006309148264984227
150	G	75	0.23659305993690852
150	T	1	0.0031545741324921135
151	C	2	0.006309148264984227
152	A	1	0.0031545741324921135
152	G	1	0.0031545741324921135
152	T	2	0.006309148264984227
153	C	1	0.0031545741324921135
153	G	5	0.015772870662460567
154	C	3	0.00946372239747634
154	G	12	0.03785488958990536
154	T	1	0.0031545741324921135
155	C	1	0.0031545741324921135
156	A	1	0.0031545741324921135
157	C	2	0.006309148264984227
157	G	1	0.0031545741324921135
158	A	1	0.0031545741324921135
158	C	3	0.00946372239747634
159	C	268	0.8454258675078864
159	G	6	0.01892744479495268
160	C	2	0.006309148264984227
160	T	3	0.00946372239747634
161	A	1	0.0031545741324921135
161	C	1	0.0031545741324921135
161	G	1	0.0031545741324921135
162	T	2	0.006309148264984227
163	A	5	0.015772870662460567
163	T	1	0.0031545741324921135
164	C	3	0.00946372239747634
165	C	3	0.00946372239747634
165	G	1	0.0031545741324921135
166	A	18	0.056782334384858045
166	C	60	0.1892744479495268
166	T	3	0.00946372239747634
167	T	1	0.0031545741324921135
168	C	2	0.006309148264984227
168	G	3	0.00946372239747634
170	A	3	0.00946372239747634
171	C	1	0.0031545741324921135
171	G	1	0.0031545741324921135
172	C	69	0.21766561514195584
172	G	117	0.36908517350157727
173	A	36	0.11356466876971609
173	T	1	0.0031545741324921135
174	G	1	0.0031545741324921135
175	C	2	0.006309148264984227
175	G	1	0.0031545741324921135
176	T	34	0.10725552050473186
177	C	1	0.0031545741324921135
178	G	5	0.015772870662460567
179	A	1	0.0031545741324921135
179	T	11	0.03470031545741325
180	A	1	0.0031545741324921135
180	T	1	0.0031545741324921135
181	A	23	0.07255520504731862
181	G	17	0.05362776025236593
182	A	1	0.0031545741324921135
182	T	1	0.0031545741324921135
183	A	1	0.0031545741324921135
183	C	1	0.0031545741324921135
185	A	3	0.00946372239747634
185	T	18	0.056782334384858045
186	T	1	0.0031545741324921135
187	C	3	0.00946372239747634
188	G	2	0.006309148264984227
189	C	1	0.0031545741324921135
189	G	23	0.07255520504731862
190	C	5	0.015772870662460567
190	G	182	0.5741324921135647
191	A	2	0.006309148264984227
191	T	2	0.006309148264984227
192	C	4	0.012618296529968454
192	G	1	0.0031545741324921135
192	T	1	0.0031545741324921135
193	C	1	0.0031545741324921135
193	T	1	0.0031545741324921135
195	A	1	0.0031545741324921135
195	T	2	0.006309148264984227
196	C	1	0.0031545741324921135
196	T	1	0.0031545741324921135
197	C	2	0.006309148264984227
197	G	1	0.0031545741324921135
197	T	1	0.0031545741324921135
198	A	1	0.0031545741324921135
198	C	17	0.05362776025236593
198	T	4	0.012618296529968454
199	C	1	0.0031545741324921135
199	G	2	0.006309148264984227
200	A	2	0.006309148264984227
200	C	1	0.0031545741324921135
200	T	2	0.006309148264984227
201	C	1	0.0031545741324921135
201	T	19	0.05993690851735016
202	A	1	0.0031545741324921135
202	T	1	0.0031545741324921135
203	T	1	0.0031545741324921135
204	C	24	0.07570977917981073
204	G	2	0.006309148264984227
205	A	2	0.006309148264984227
205	C	1	0.0031545741324921135
206	C	4	0.012618296529968454
206	G	22	0.0694006309148265
207	A	3	0.00946372239747634
207	G	3	0.00946372239747634
208	T	14	0.04416403785488959
209	C	4	0.012618296529968454
209	G	1	0.0031545741324921135
210	A	215	0.6782334384858044
210	C	6	0.01892744479495268
210	T	2	0.006309148264984227
212	C	2	0.006309148264984227
212	G	22	0.0694006309148265
212	T	43	0.13564668769716087
213	A	1	0.0031545741324921135
214	C	3	0.00946372239747634
215	A	2	0.006309148264984227
215	G	20	0.06309148264984227
215	T	1	0.0031545741324921135
216	C	29	0.0914826498422713
216	G	1	0.0031545741324921135
217	A	1	0.0031545741324921135
217	T	2	0.006309148264984227
218	A	6	0.01892744479495268
218	T	2	0.006309148264984227
219	C	1	0.0031545741324921135
220	T	7	0.022082018927444796
221	G	46	0.14511041009463724
221	T	12	0.03785488958990536
222	C	1	0.0031545741324921135
222	G	20	0.06309148264984227
223	C	2	0.006309148264984227
223	G	7	0.022082018927444796
224	A	21	0.06624605678233439
224	C	35	0.11041009463722397
224	T	1	0.0031545741324921135
225	C	224	0.7066246056782335
225	G	1	0.0031545741324921135
225	T	14	0.04416403785488959
226	C	3	0.00946372239747634
226	G	2	0.006309148264984227
226	T	1	0.0031545741324921135
227	A	1	0.0031545741324921135
227	T	2	0.006309148264984227
228	A	14	0.04416403785488959
229	C	5	0.015772870662460567
229	G	3	0.00946372239747634
229	T	1	0.0031545741324921135
230	A	6	0.01892744479495268
230	C	4	0.012618296529968454
231	C	10	0.031545741324921134
232	G	1	0.0031545741324921135
233	A	2	0.006309148264984227
233	G	4	0.012618296529968454
234	C	1	0.0031545741324921135
234	G	1	0.0031545741324921135
235	A	1	0.0031545741324921135
236	A	1	0.0031545741324921135
236	T	3	0.00946372239747634
237	A	1	0.0031545741324921135
237	G	23	0.07255520504731862
237	T	3	0.00946372239747634
239	T	4	0.012618296529968454
240	C	17	0.05362776025236593
240	G	81	0.2555205047318612
240	T	1	0.0031545741324921135
241	G	271	0.8548895899053628
241	T	2	0.006309148264984227
242	A	25	0.07886435331230283
242	C	3	0.00946372239747634
243	T	1	0.0031545741324921135
244	C	4	0.012618296529968454
244	G	2	0.006309148264984227
245	A	2	0.006309148264984227
245	T	2	0.006309148264984227
246	C	6	0.01892744479495268
246	G	1	0.0031545741324921135
247	A	117	0.36908517350157727
247	C	33	0.10410094637223975
248	G	19	0.05993690851735016
248	T	20	0.06309148264984227
249	A	4	0.012618296529968454
249	C	1	0.0031545741324921135
249	G	41	0.12933753943217666
250	T	3	0.00946372239747634
251	C	2	0.006309148264984227
252	T	4	0.012618296529968454
253	C	1	0.0031545741324921135
253	G	3	0.00946372239747634
254	T	2	0.006309148264984227
256	T	1	0.0031545741324921135
257	C	1	0.0031545741324921135
258	A	1	0.0031545741324921135
258	T	5	0.015772870662460567
259	A	1	0.0031545741324921135
261	A	1	0.0031545741324921135
261	T	2	0.006309148264984227
263	A	17	0.05362776025236593
263	T	1	0.0031545741324921135
265	C	3	0.00946372239747634
265	G	1	0.0031545741324921135
266	A	1	0.0031545741324921135
267	C	3	0.00946372239747634
267	T	3	0.00946372239747634
269	T	2	0.006309148264984227
270	T	1	0.0031545741324921135
271	G	1	0.0031545741324921135
272	A	1	0.0031545741324921135
272	G	1	0.0031545741324921135
273	A	23	0.07255520504731862
273	T	2	0.006309148264984227
274	C	4	0.012618296529968454
274	G	2	0.006309148264984227
275	A	37	0.1167192429022082
275	C	83	0.2618296529968454
275	T	4	0.012618296529968454
276	C	4	0.012618296529968454
276	G	1	0.0031545741324921135
277	T	1	0.0031545741324921135
278	C	1	0.0031545741324921135
278	G	2	0.006309148264984227
279	C	1	0.0031545741324921135
279	G	2	0.006309148264984227
280	T	17	0.05362776025236593
281	A	1	0.0031545741324921135
281	T	13	0.04100946372239748
282	C	2	0.006309148264984227
283	T	1	0.0031545741324921135
284	A	1	0.0031545741324921135
284	C	3	0.00946372239747634
284	G	1	0.0031545741324921135
285	A	1	0.0031545741324921135
285	T	1	0.0031545741324921135
286	G	1	0.0031545741324921135
286	T	4	0.012618296529968454
287	A	3	0.00946372239747634
