Position	Nucleotide	Multiplicity	Frequency
27	G	1	0.008264462809917356
28	T	1	0.008264462809917356
37	C	1	0.008264462809917356
37	G	1	0.008264462809917356
38	C	2	0.01652892561983471
42	C	4	0.03305785123966942
42	G	6	0.049586776859504134
45	G	1	0.008264462809917356
46	C	2	0.01652892561983471
47	T	1	0.008264462809917356
48	G	3	0.024793388429752067
50	T	1	0.008264462809917356
52	C	2	0.01652892561983471
53	G	3	0.024793388429752067
55	A	1	0.008264462809917356
56	A	1	0.008264462809917356
57	A	1	0.008264462809917356
59	C	3	0.024793388429752067
59	T	1	0.008264462809917356
62	A	29	0.2396694214876033
62	T	32	0.2644628099173554
63	G	1	0.008264462809917356
65	T	32	0.2644628099173554
66	G	1	0.008264462809917356
71	G	13	0.10743801652892562
71	T	1	0.008264462809917356
72	C	1	0.008264462809917356
72	G	1	0.008264462809917356
76	A	1	0.008264462809917356
77	A	6	0.049586776859504134
77	C	1	0.008264462809917356
78	A	13	0.10743801652892562
81	C	3	0.024793388429752067
81	G	3	0.024793388429752067
82	T	2	0.01652892561983471
83	G	1	0.008264462809917356
84	G	8	0.06611570247933884
84	T	1	0.008264462809917356
85	C	1	0.008264462809917356
86	T	1	0.008264462809917356
87	C	33	0.2727272727272727
88	C	12	0.09917355371900827
90	C	5	0.04132231404958678
90	G	1	0.008264462809917356
90	T	1	0.008264462809917356
91	A	1	0.008264462809917356
92	A	29	0.2396694214876033
92	C	1	0.008264462809917356
93	C	4	0.03305785123966942
94	C	14	0.11570247933884298
96	A	1	0.008264462809917356
97	C	1	0.008264462809917356
98	C	2	0.01652892561983471
98	G	1	0.008264462809917356
100	A	8	0.06611570247933884
103	A	2	0.01652892561983471
103	C	3	0.024793388429752067
104	A	1	0.008264462809917356
104	C	1	0.008264462809917356
108	T	13	0.10743801652892562
109	C	1	0.008264462809917356
109	T	1	0.008264462809917356
110	A	1	0.008264462809917356
110	T	1	0.008264462809917356
111	C	2	0.01652892561983471
112	A	1	0.008264462809917356
114	G	3	0.024793388429752067
115	C	2	0.01652892561983471
117	T	2	0.01652892561983471
121	C	2	0.01652892561983471
122	A	1	0.008264462809917356
122	T	1	0.008264462809917356
123	G	29	0.2396694214876033
124	A	1	0.008264462809917356
124	G	1	0.008264462809917356
124	T	2	0.01652892561983471
125	T	1	0.008264462809917356
127	T	1	0.008264462809917356
128	G	1	0.008264462809917356
128	T	1	0.008264462809917356
131	G	1	0.008264462809917356
133	G	2	0.01652892561983471
135	T	3	0.024793388429752067
137	T	1	0.008264462809917356
140	A	1	0.008264462809917356
142	T	1	0.008264462809917356
143	A	3	0.024793388429752067
143	T	1	0.008264462809917356
145	T	30	0.24793388429752067
146	A	1	0.008264462809917356
146	C	30	0.24793388429752067
147	A	1	0.008264462809917356
148	C	2	0.01652892561983471
151	G	1	0.008264462809917356
153	G	38	0.3140495867768595
154	C	1	0.008264462809917356
156	C	3	0.024793388429752067
157	A	1	0.008264462809917356
157	C	8	0.06611570247933884
160	C	33	0.2727272727272727
160	T	29	0.2396694214876033
161	C	33	0.2727272727272727
162	G	30	0.24793388429752067
163	T	1	0.008264462809917356
164	A	1	0.008264462809917356
165	C	1	0.008264462809917356
165	G	2	0.01652892561983471
166	C	1	0.008264462809917356
168	T	1	0.008264462809917356
172	G	1	0.008264462809917356
172	T	1	0.008264462809917356
173	A	14	0.11570247933884298
173	G	8	0.06611570247933884
175	C	13	0.10743801652892562
175	G	3	0.024793388429752067
177	A	1	0.008264462809917356
177	T	3	0.024793388429752067
178	A	1	0.008264462809917356
179	T	4	0.03305785123966942
180	C	14	0.11570247933884298
183	C	3	0.024793388429752067
183	G	2	0.01652892561983471
185	G	13	0.10743801652892562
185	T	46	0.38016528925619836
186	A	29	0.2396694214876033
186	G	1	0.008264462809917356
186	T	12	0.09917355371900827
187	A	1	0.008264462809917356
188	C	1	0.008264462809917356
189	A	1	0.008264462809917356
189	C	2	0.01652892561983471
190	T	1	0.008264462809917356
194	T	1	0.008264462809917356
195	C	1	0.008264462809917356
195	G	1	0.008264462809917356
196	G	33	0.2727272727272727
198	C	1	0.008264462809917356
199	A	13	0.10743801652892562
199	C	33	0.2727272727272727
199	T	1	0.008264462809917356
203	A	42	0.34710743801652894
204	G	34	0.2809917355371901
205	C	1	0.008264462809917356
208	A	13	0.10743801652892562
210	G	33	0.2727272727272727
210	T	1	0.008264462809917356
212	T	1	0.008264462809917356
213	C	1	0.008264462809917356
213	G	1	0.008264462809917356
214	T	13	0.10743801652892562
217	G	1	0.008264462809917356
223	A	1	0.008264462809917356
224	G	1	0.008264462809917356
230	C	1	0.008264462809917356
230	T	1	0.008264462809917356
231	C	7	0.05785123966942149
232	G	1	0.008264462809917356
235	G	1	0.008264462809917356
236	A	1	0.008264462809917356
240	T	1	0.008264462809917356
243	T	1	0.008264462809917356
245	A	2	0.01652892561983471
247	T	8	0.06611570247933884
248	G	8	0.06611570247933884
249	C	1	0.008264462809917356
249	G	3	0.024793388429752067
250	A	1	0.008264462809917356
251	A	3	0.024793388429752067
252	C	2	0.01652892561983471
252	T	1	0.008264462809917356
253	T	1	0.008264462809917356
256	C	7	0.05785123966942149
256	G	1	0.008264462809917356
257	A	1	0.008264462809917356
258	G	1	0.008264462809917356
259	C	1	0.008264462809917356
260	A	3	0.024793388429752067
262	G	3	0.024793388429752067
263	A	1	0.008264462809917356
263	G	12	0.09917355371900827
263	T	1	0.008264462809917356
265	G	1	0.008264462809917356
266	A	1	0.008264462809917356
266	C	7	0.05785123966942149
267	A	1	0.008264462809917356
268	A	7	0.05785123966942149
268	C	13	0.10743801652892562
269	T	2	0.01652892561983471
272	A	1	0.008264462809917356
274	T	1	0.008264462809917356
276	A	1	0.008264462809917356
277	G	32	0.2644628099173554
278	A	2	0.01652892561983471
280	A	1	0.008264462809917356
281	C	1	0.008264462809917356
282	C	1	0.008264462809917356
286	C	1	0.008264462809917356
287	T	13	0.10743801652892562
288	A	1	0.008264462809917356
289	T	1	0.008264462809917356
290	C	5	0.04132231404958678
291	A	1	0.008264462809917356
294	T	32	0.2644628099173554
295	G	32	0.2644628099173554
