Position	Nucleotide	Multiplicity	Frequency
71	A	2	0.14285714285714285
78	C	1	0.07142857142857142
79	G	1	0.07142857142857142
81	T	2	0.14285714285714285
82	T	7	0.5
88	G	6	0.42857142857142855
88	T	2	0.14285714285714285
91	A	1	0.07142857142857142
91	C	8	0.5714285714285714
96	T	2	0.14285714285714285
101	A	2	0.14285714285714285
101	T	7	0.5
102	C	2	0.14285714285714285
104	T	2	0.14285714285714285
120	C	2	0.14285714285714285
120	G	2	0.14285714285714285
131	A	4	0.2857142857142857
139	A	2	0.14285714285714285
140	C	2	0.14285714285714285
145	A	1	0.07142857142857142
145	C	2	0.14285714285714285
147	A	2	0.14285714285714285
148	A	2	0.14285714285714285
149	A	2	0.14285714285714285
150	G	1	0.07142857142857142
152	C	2	0.14285714285714285
161	T	2	0.14285714285714285
167	C	9	0.6428571428571429
169	G	2	0.14285714285714285
171	G	2	0.14285714285714285
172	T	2	0.14285714285714285
174	A	2	0.14285714285714285
175	A	11	0.7857142857142857
175	C	2	0.14285714285714285
176	T	2	0.14285714285714285
185	A	2	0.14285714285714285
187	G	1	0.07142857142857142
188	A	2	0.14285714285714285
188	C	2	0.14285714285714285
196	A	9	0.6428571428571429
205	T	8	0.5714285714285714
206	T	2	0.14285714285714285
211	T	2	0.14285714285714285
216	G	10	0.7142857142857143
217	G	1	0.07142857142857142
217	T	1	0.07142857142857142
218	A	1	0.07142857142857142
221	G	2	0.14285714285714285
221	T	7	0.5
226	C	4	0.2857142857142857
227	G	2	0.14285714285714285
229	A	10	0.7142857142857143
230	T	8	0.5714285714285714
231	C	1	0.07142857142857142
235	T	2	0.14285714285714285
236	G	2	0.14285714285714285
238	T	2	0.14285714285714285
245	A	1	0.07142857142857142
245	T	4	0.2857142857142857
249	G	1	0.07142857142857142
249	T	10	0.7142857142857143
250	A	10	0.7142857142857143
254	T	4	0.2857142857142857
257	A	1	0.07142857142857142
259	A	2	0.14285714285714285
259	C	8	0.5714285714285714
260	G	2	0.14285714285714285
260	T	2	0.14285714285714285
262	T	2	0.14285714285714285
264	T	1	0.07142857142857142
266	A	8	0.5714285714285714
270	G	1	0.07142857142857142
270	T	1	0.07142857142857142
283	T	1	0.07142857142857142
290	A	1	0.07142857142857142
