Position	Nucleotide	Multiplicity	Frequency
51	T	1	0.01639344262295082
60	A	1	0.01639344262295082
72	C	1	0.01639344262295082
74	C	1	0.01639344262295082
78	C	2	0.03278688524590164
79	A	1	0.01639344262295082
81	C	1	0.01639344262295082
81	G	1	0.01639344262295082
83	T	2	0.03278688524590164
88	C	5	0.08196721311475409
90	A	2	0.03278688524590164
93	A	2	0.03278688524590164
94	C	3	0.04918032786885246
95	C	2	0.03278688524590164
96	G	21	0.3442622950819672
96	T	8	0.13114754098360656
102	A	8	0.13114754098360656
103	G	1	0.01639344262295082
108	A	1	0.01639344262295082
111	G	1	0.01639344262295082
116	C	1	0.01639344262295082
116	G	3	0.04918032786885246
117	C	11	0.18032786885245902
118	T	1	0.01639344262295082
119	G	1	0.01639344262295082
122	G	1	0.01639344262295082
134	A	8	0.13114754098360656
139	C	1	0.01639344262295082
140	A	1	0.01639344262295082
143	A	1	0.01639344262295082
143	T	1	0.01639344262295082
144	G	2	0.03278688524590164
146	C	1	0.01639344262295082
146	G	1	0.01639344262295082
153	C	1	0.01639344262295082
154	A	1	0.01639344262295082
154	C	16	0.26229508196721313
154	T	1	0.01639344262295082
156	T	1	0.01639344262295082
158	T	1	0.01639344262295082
159	T	1	0.01639344262295082
160	G	2	0.03278688524590164
165	A	1	0.01639344262295082
165	T	8	0.13114754098360656
166	A	1	0.01639344262295082
166	C	8	0.13114754098360656
167	C	5	0.08196721311475409
169	A	3	0.04918032786885246
169	C	13	0.21311475409836064
170	T	8	0.13114754098360656
171	G	1	0.01639344262295082
172	T	1	0.01639344262295082
173	C	22	0.36065573770491804
173	G	8	0.13114754098360656
174	C	2	0.03278688524590164
174	G	1	0.01639344262295082
175	C	1	0.01639344262295082
175	T	7	0.11475409836065574
178	C	1	0.01639344262295082
178	T	2	0.03278688524590164
180	T	2	0.03278688524590164
181	T	2	0.03278688524590164
182	T	2	0.03278688524590164
184	G	1	0.01639344262295082
186	A	1	0.01639344262295082
189	A	1	0.01639344262295082
191	A	1	0.01639344262295082
191	T	1	0.01639344262295082
193	G	8	0.13114754098360656
194	T	1	0.01639344262295082
197	T	21	0.3442622950819672
206	A	1	0.01639344262295082
210	A	1	0.01639344262295082
211	T	1	0.01639344262295082
215	C	2	0.03278688524590164
217	C	1	0.01639344262295082
217	G	2	0.03278688524590164
222	C	1	0.01639344262295082
223	C	2	0.03278688524590164
223	T	1	0.01639344262295082
224	T	2	0.03278688524590164
229	G	1	0.01639344262295082
230	T	1	0.01639344262295082
238	T	8	0.13114754098360656
239	C	1	0.01639344262295082
241	G	1	0.01639344262295082
242	A	1	0.01639344262295082
244	T	8	0.13114754098360656
251	A	1	0.01639344262295082
251	G	1	0.01639344262295082
251	T	1	0.01639344262295082
253	A	1	0.01639344262295082
257	T	1	0.01639344262295082
259	C	2	0.03278688524590164
260	C	2	0.03278688524590164
261	G	22	0.36065573770491804
262	A	2	0.03278688524590164
262	T	8	0.13114754098360656
267	T	1	0.01639344262295082
268	G	1	0.01639344262295082
271	G	8	0.13114754098360656
272	A	1	0.01639344262295082
276	A	2	0.03278688524590164
276	C	1	0.01639344262295082
283	G	1	0.01639344262295082
283	T	2	0.03278688524590164
284	T	8	0.13114754098360656
285	G	1	0.01639344262295082
286	T	1	0.01639344262295082
288	A	2	0.03278688524590164
292	C	1	0.01639344262295082
292	G	11	0.18032786885245902
