Position	Nucleotide	Multiplicity	Frequency
48	C	1	0.008264462809917356
50	T	1	0.008264462809917356
51	T	1	0.008264462809917356
53	A	1	0.008264462809917356
54	T	1	0.008264462809917356
55	A	1	0.008264462809917356
56	G	1	0.008264462809917356
57	A	1	0.008264462809917356
59	T	1	0.008264462809917356
62	T	1	0.008264462809917356
63	A	1	0.008264462809917356
65	C	1	0.008264462809917356
67	T	1	0.008264462809917356
68	G	1	0.008264462809917356
69	A	1	0.008264462809917356
72	C	1	0.008264462809917356
73	T	1	0.008264462809917356
79	C	1	0.008264462809917356
81	G	3	0.024793388429752067
82	G	26	0.21487603305785125
85	C	1	0.008264462809917356
87	C	1	0.008264462809917356
87	G	2	0.01652892561983471
89	A	1	0.008264462809917356
89	C	1	0.008264462809917356
90	G	1	0.008264462809917356
90	T	4	0.03305785123966942
91	A	25	0.2066115702479339
91	T	20	0.1652892561983471
92	A	2	0.01652892561983471
93	C	2	0.01652892561983471
94	C	26	0.21487603305785125
98	T	1	0.008264462809917356
99	G	24	0.19834710743801653
101	A	2	0.01652892561983471
102	A	1	0.008264462809917356
103	G	1	0.008264462809917356
104	G	1	0.008264462809917356
105	C	2	0.01652892561983471
105	G	1	0.008264462809917356
106	T	1	0.008264462809917356
108	A	2	0.01652892561983471
109	C	1	0.008264462809917356
113	G	1	0.008264462809917356
114	G	1	0.008264462809917356
115	T	1	0.008264462809917356
116	C	2	0.01652892561983471
116	G	1	0.008264462809917356
117	A	24	0.19834710743801653
117	C	3	0.024793388429752067
118	G	32	0.2644628099173554
118	T	2	0.01652892561983471
119	C	46	0.38016528925619836
120	C	3	0.024793388429752067
120	G	1	0.008264462809917356
121	A	1	0.008264462809917356
121	T	20	0.1652892561983471
122	C	1	0.008264462809917356
122	G	1	0.008264462809917356
126	G	1	0.008264462809917356
127	C	1	0.008264462809917356
128	C	2	0.01652892561983471
128	G	1	0.008264462809917356
129	A	2	0.01652892561983471
130	C	1	0.008264462809917356
131	C	1	0.008264462809917356
132	T	1	0.008264462809917356
133	C	1	0.008264462809917356
137	C	1	0.008264462809917356
139	T	1	0.008264462809917356
140	C	1	0.008264462809917356
141	A	1	0.008264462809917356
142	C	3	0.024793388429752067
144	G	1	0.008264462809917356
145	T	1	0.008264462809917356
146	G	1	0.008264462809917356
147	T	26	0.21487603305785125
149	C	1	0.008264462809917356
153	T	2	0.01652892561983471
154	A	2	0.01652892561983471
156	C	24	0.19834710743801653
156	G	1	0.008264462809917356
156	T	20	0.1652892561983471
157	G	26	0.21487603305785125
158	C	1	0.008264462809917356
160	A	1	0.008264462809917356
160	G	51	0.4214876033057851
160	T	1	0.008264462809917356
162	T	3	0.024793388429752067
164	G	1	0.008264462809917356
166	C	1	0.008264462809917356
167	T	2	0.01652892561983471
171	C	1	0.008264462809917356
172	G	1	0.008264462809917356
174	C	1	0.008264462809917356
175	C	1	0.008264462809917356
175	G	1	0.008264462809917356
176	C	1	0.008264462809917356
177	G	2	0.01652892561983471
177	T	26	0.21487603305785125
178	T	26	0.21487603305785125
183	C	1	0.008264462809917356
184	A	1	0.008264462809917356
188	T	2	0.01652892561983471
189	G	2	0.01652892561983471
190	C	2	0.01652892561983471
190	T	1	0.008264462809917356
193	A	2	0.01652892561983471
195	A	1	0.008264462809917356
196	A	2	0.01652892561983471
199	C	1	0.008264462809917356
201	C	1	0.008264462809917356
203	T	1	0.008264462809917356
207	C	2	0.01652892561983471
210	G	2	0.01652892561983471
212	G	4	0.03305785123966942
212	T	1	0.008264462809917356
214	G	1	0.008264462809917356
215	G	26	0.21487603305785125
216	G	2	0.01652892561983471
217	C	1	0.008264462809917356
217	G	1	0.008264462809917356
218	A	2	0.01652892561983471
218	C	1	0.008264462809917356
220	T	2	0.01652892561983471
222	G	1	0.008264462809917356
223	C	1	0.008264462809917356
225	C	2	0.01652892561983471
225	G	26	0.21487603305785125
227	T	27	0.2231404958677686
229	T	1	0.008264462809917356
230	G	26	0.21487603305785125
231	G	26	0.21487603305785125
232	C	1	0.008264462809917356
233	C	1	0.008264462809917356
236	G	1	0.008264462809917356
238	C	1	0.008264462809917356
240	A	1	0.008264462809917356
243	G	1	0.008264462809917356
244	G	1	0.008264462809917356
245	A	1	0.008264462809917356
245	C	48	0.39669421487603307
247	C	47	0.3884297520661157
247	T	1	0.008264462809917356
248	G	1	0.008264462809917356
248	T	73	0.6033057851239669
249	G	2	0.01652892561983471
250	A	27	0.2231404958677686
250	T	3	0.024793388429752067
252	A	1	0.008264462809917356
253	C	5	0.04132231404958678
253	G	1	0.008264462809917356
256	A	2	0.01652892561983471
259	T	24	0.19834710743801653
262	A	50	0.4132231404958678
266	T	1	0.008264462809917356
267	G	1	0.008264462809917356
267	T	1	0.008264462809917356
270	A	1	0.008264462809917356
271	T	1	0.008264462809917356
272	C	2	0.01652892561983471
274	A	1	0.008264462809917356
274	C	2	0.01652892561983471
275	A	26	0.21487603305785125
275	T	24	0.19834710743801653
278	C	1	0.008264462809917356
280	C	2	0.01652892561983471
280	T	24	0.19834710743801653
281	T	2	0.01652892561983471
283	T	2	0.01652892561983471
284	C	1	0.008264462809917356
284	G	1	0.008264462809917356
286	A	1	0.008264462809917356
286	G	2	0.01652892561983471
286	T	25	0.2066115702479339
287	C	24	0.19834710743801653
287	G	1	0.008264462809917356
