Position	Nucleotide	Multiplicity	Frequency
49	T	1	0.019230769230769232
58	C	1	0.019230769230769232
65	C	2	0.038461538461538464
66	A	1	0.019230769230769232
67	A	16	0.3076923076923077
67	T	11	0.21153846153846154
69	A	8	0.15384615384615385
74	C	6	0.11538461538461539
76	A	11	0.21153846153846154
77	T	1	0.019230769230769232
78	C	11	0.21153846153846154
79	C	2	0.038461538461538464
81	G	2	0.038461538461538464
82	T	16	0.3076923076923077
83	G	8	0.15384615384615385
83	T	6	0.11538461538461539
84	C	16	0.3076923076923077
86	C	1	0.019230769230769232
88	C	11	0.21153846153846154
89	C	1	0.019230769230769232
93	C	6	0.11538461538461539
97	A	10	0.19230769230769232
97	C	11	0.21153846153846154
99	G	1	0.019230769230769232
102	G	8	0.15384615384615385
103	C	6	0.11538461538461539
104	T	11	0.21153846153846154
107	C	11	0.21153846153846154
109	C	8	0.15384615384615385
110	T	1	0.019230769230769232
113	G	16	0.3076923076923077
113	T	6	0.11538461538461539
116	G	1	0.019230769230769232
118	T	8	0.15384615384615385
119	C	8	0.15384615384615385
126	C	2	0.038461538461538464
126	G	11	0.21153846153846154
131	A	8	0.15384615384615385
134	A	6	0.11538461538461539
142	C	1	0.019230769230769232
143	A	1	0.019230769230769232
145	G	16	0.3076923076923077
146	C	1	0.019230769230769232
149	C	33	0.6346153846153846
150	C	1	0.019230769230769232
150	T	1	0.019230769230769232
151	G	16	0.3076923076923077
153	G	11	0.21153846153846154
154	G	1	0.019230769230769232
155	C	16	0.3076923076923077
156	G	11	0.21153846153846154
159	C	8	0.15384615384615385
160	G	1	0.019230769230769232
160	T	1	0.019230769230769232
163	A	8	0.15384615384615385
165	T	1	0.019230769230769232
166	A	14	0.2692307692307692
167	G	1	0.019230769230769232
168	T	17	0.3269230769230769
169	A	6	0.11538461538461539
169	C	16	0.3076923076923077
169	T	8	0.15384615384615385
170	T	16	0.3076923076923077
172	G	11	0.21153846153846154
173	G	1	0.019230769230769232
174	A	12	0.23076923076923078
174	T	7	0.1346153846153846
175	A	8	0.15384615384615385
175	C	11	0.21153846153846154
191	T	1	0.019230769230769232
192	G	7	0.1346153846153846
193	G	28	0.5384615384615384
199	A	1	0.019230769230769232
200	G	6	0.11538461538461539
201	C	1	0.019230769230769232
202	C	1	0.019230769230769232
204	G	1	0.019230769230769232
205	G	1	0.019230769230769232
205	T	10	0.19230769230769232
206	T	16	0.3076923076923077
211	G	11	0.21153846153846154
219	G	16	0.3076923076923077
219	T	11	0.21153846153846154
221	T	6	0.11538461538461539
223	G	11	0.21153846153846154
227	T	1	0.019230769230769232
234	A	1	0.019230769230769232
234	G	11	0.21153846153846154
240	A	1	0.019230769230769232
241	G	1	0.019230769230769232
249	G	16	0.3076923076923077
253	C	11	0.21153846153846154
253	T	1	0.019230769230769232
254	C	1	0.019230769230769232
255	A	1	0.019230769230769232
256	C	1	0.019230769230769232
259	C	8	0.15384615384615385
260	G	1	0.019230769230769232
262	T	14	0.2692307692307692
267	T	1	0.019230769230769232
269	A	1	0.019230769230769232
269	T	11	0.21153846153846154
270	G	1	0.019230769230769232
274	T	10	0.19230769230769232
278	A	16	0.3076923076923077
278	C	14	0.2692307692307692
282	G	11	0.21153846153846154
282	T	41	0.7884615384615384
283	C	11	0.21153846153846154
284	A	1	0.019230769230769232
287	C	1	0.019230769230769232
289	A	1	0.019230769230769232
