Position	Nucleotide	Multiplicity	Frequency
12	T	16	0.17391304347826086
30	C	1	0.010869565217391304
44	G	1	0.010869565217391304
55	A	1	0.010869565217391304
56	G	2	0.021739130434782608
57	A	1	0.010869565217391304
58	G	1	0.010869565217391304
65	C	7	0.07608695652173914
67	G	5	0.05434782608695652
67	T	24	0.2608695652173913
71	G	1	0.010869565217391304
73	T	1	0.010869565217391304
74	C	3	0.03260869565217391
77	T	5	0.05434782608695652
78	A	1	0.010869565217391304
79	C	8	0.08695652173913043
80	G	23	0.25
80	T	10	0.10869565217391304
82	A	25	0.2717391304347826
82	G	15	0.16304347826086957
82	T	3	0.03260869565217391
83	G	1	0.010869565217391304
83	T	36	0.391304347826087
84	C	25	0.2717391304347826
84	G	10	0.10869565217391304
86	G	1	0.010869565217391304
87	G	2	0.021739130434782608
88	A	20	0.21739130434782608
88	C	5	0.05434782608695652
89	G	5	0.05434782608695652
90	A	2	0.021739130434782608
93	A	25	0.2717391304347826
93	C	10	0.10869565217391304
94	C	5	0.05434782608695652
94	G	1	0.010869565217391304
95	T	1	0.010869565217391304
98	T	19	0.20652173913043478
102	C	1	0.010869565217391304
103	A	5	0.05434782608695652
104	T	35	0.3804347826086957
108	C	1	0.010869565217391304
109	G	1	0.010869565217391304
113	G	1	0.010869565217391304
113	T	1	0.010869565217391304
115	G	1	0.010869565217391304
117	A	25	0.2717391304347826
118	T	1	0.010869565217391304
126	G	1	0.010869565217391304
127	C	1	0.010869565217391304
131	C	9	0.09782608695652174
132	T	1	0.010869565217391304
135	A	1	0.010869565217391304
136	G	1	0.010869565217391304
137	A	24	0.2608695652173913
137	C	1	0.010869565217391304
140	C	1	0.010869565217391304
141	A	27	0.29347826086956524
141	C	9	0.09782608695652174
141	T	1	0.010869565217391304
142	C	2	0.021739130434782608
143	C	14	0.15217391304347827
144	G	1	0.010869565217391304
145	T	1	0.010869565217391304
146	T	7	0.07608695652173914
147	C	7	0.07608695652173914
148	T	8	0.08695652173913043
149	G	5	0.05434782608695652
149	T	6	0.06521739130434782
150	G	2	0.021739130434782608
152	G	1	0.010869565217391304
153	C	10	0.10869565217391304
153	G	25	0.2717391304347826
154	C	25	0.2717391304347826
154	T	1	0.010869565217391304
155	C	2	0.021739130434782608
156	G	33	0.358695652173913
157	A	26	0.2826086956521739
157	C	2	0.021739130434782608
157	T	5	0.05434782608695652
158	C	7	0.07608695652173914
159	G	10	0.10869565217391304
160	A	34	0.3695652173913043
160	C	11	0.11956521739130435
161	G	2	0.021739130434782608
162	A	1	0.010869565217391304
162	C	2	0.021739130434782608
162	G	8	0.08695652173913043
163	A	13	0.14130434782608695
164	A	12	0.13043478260869565
164	C	26	0.2826086956521739
164	G	3	0.03260869565217391
165	C	35	0.3804347826086957
165	G	9	0.09782608695652174
166	A	26	0.2826086956521739
166	C	5	0.05434782608695652
166	T	3	0.03260869565217391
167	C	1	0.010869565217391304
167	G	1	0.010869565217391304
168	A	3	0.03260869565217391
168	T	2	0.021739130434782608
169	A	7	0.07608695652173914
169	C	23	0.25
169	T	3	0.03260869565217391
170	A	1	0.010869565217391304
170	T	1	0.010869565217391304
171	C	6	0.06521739130434782
171	G	1	0.010869565217391304
171	T	4	0.043478260869565216
172	A	2	0.021739130434782608
172	C	11	0.11956521739130435
172	G	8	0.08695652173913043
172	T	4	0.043478260869565216
173	C	5	0.05434782608695652
173	T	6	0.06521739130434782
174	G	35	0.3804347826086957
175	T	6	0.06521739130434782
176	G	2	0.021739130434782608
176	T	18	0.1956521739130435
178	T	8	0.08695652173913043
179	A	1	0.010869565217391304
179	T	9	0.09782608695652174
180	A	25	0.2717391304347826
180	T	3	0.03260869565217391
182	C	1	0.010869565217391304
182	G	8	0.08695652173913043
184	G	1	0.010869565217391304
186	G	1	0.010869565217391304
192	C	9	0.09782608695652174
192	T	1	0.010869565217391304
193	G	5	0.05434782608695652
198	A	2	0.021739130434782608
200	G	7	0.07608695652173914
202	A	1	0.010869565217391304
203	T	1	0.010869565217391304
204	C	1	0.010869565217391304
205	G	5	0.05434782608695652
205	T	1	0.010869565217391304
206	G	24	0.2608695652173913
206	T	1	0.010869565217391304
207	C	1	0.010869565217391304
207	G	1	0.010869565217391304
211	A	1	0.010869565217391304
211	T	1	0.010869565217391304
213	C	1	0.010869565217391304
213	G	1	0.010869565217391304
214	C	10	0.10869565217391304
215	C	1	0.010869565217391304
215	T	1	0.010869565217391304
216	T	1	0.010869565217391304
217	G	1	0.010869565217391304
218	T	1	0.010869565217391304
221	A	1	0.010869565217391304
221	T	2	0.021739130434782608
222	A	1	0.010869565217391304
222	C	1	0.010869565217391304
224	A	1	0.010869565217391304
225	C	1	0.010869565217391304
225	G	1	0.010869565217391304
226	C	1	0.010869565217391304
229	G	1	0.010869565217391304
230	G	2	0.021739130434782608
230	T	6	0.06521739130434782
231	G	10	0.10869565217391304
232	A	1	0.010869565217391304
232	T	20	0.21739130434782608
233	G	3	0.03260869565217391
233	T	1	0.010869565217391304
234	A	8	0.08695652173913043
234	G	25	0.2717391304347826
234	T	7	0.07608695652173914
235	C	1	0.010869565217391304
236	A	1	0.010869565217391304
236	C	10	0.10869565217391304
237	C	6	0.06521739130434782
238	T	11	0.11956521739130435
239	A	1	0.010869565217391304
239	G	1	0.010869565217391304
240	T	10	0.10869565217391304
241	C	1	0.010869565217391304
241	G	1	0.010869565217391304
242	A	10	0.10869565217391304
245	G	33	0.358695652173913
248	C	1	0.010869565217391304
249	G	1	0.010869565217391304
249	T	1	0.010869565217391304
250	C	1	0.010869565217391304
250	G	2	0.021739130434782608
251	T	3	0.03260869565217391
252	C	2	0.021739130434782608
253	A	2	0.021739130434782608
254	A	5	0.05434782608695652
254	T	2	0.021739130434782608
256	G	1	0.010869565217391304
257	A	1	0.010869565217391304
259	A	4	0.043478260869565216
260	C	1	0.010869565217391304
260	G	1	0.010869565217391304
260	T	1	0.010869565217391304
262	A	20	0.21739130434782608
262	G	1	0.010869565217391304
262	T	42	0.45652173913043476
265	C	1	0.010869565217391304
266	A	6	0.06521739130434782
266	C	30	0.32608695652173914
266	T	1	0.010869565217391304
269	A	5	0.05434782608695652
269	T	1	0.010869565217391304
275	T	16	0.17391304347826086
276	C	1	0.010869565217391304
277	G	1	0.010869565217391304
278	A	4	0.043478260869565216
278	C	29	0.31521739130434784
278	T	1	0.010869565217391304
279	C	1	0.010869565217391304
281	C	27	0.29347826086956524
281	G	1	0.010869565217391304
284	T	10	0.10869565217391304
287	G	1	0.010869565217391304
