Position	Nucleotide	Multiplicity	Frequency
45	G	7	0.03977272727272727
50	T	1	0.005681818181818182
52	C	1	0.005681818181818182
56	G	1	0.005681818181818182
60	C	1	0.005681818181818182
64	A	1	0.005681818181818182
65	C	4	0.022727272727272728
66	T	1	0.005681818181818182
67	A	8	0.045454545454545456
68	G	21	0.11931818181818182
68	T	1	0.005681818181818182
69	A	13	0.07386363636363637
69	T	1	0.005681818181818182
71	A	1	0.005681818181818182
71	C	13	0.07386363636363637
72	C	1	0.005681818181818182
72	G	1	0.005681818181818182
74	A	1	0.005681818181818182
74	C	2	0.011363636363636364
75	A	1	0.005681818181818182
76	C	1	0.005681818181818182
79	G	1	0.005681818181818182
81	C	1	0.005681818181818182
82	A	11	0.0625
82	G	31	0.17613636363636365
83	A	1	0.005681818181818182
83	G	1	0.005681818181818182
83	T	13	0.07386363636363637
84	C	23	0.13068181818181818
86	T	20	0.11363636363636363
87	G	47	0.26704545454545453
88	A	2	0.011363636363636364
89	A	29	0.16477272727272727
89	G	29	0.16477272727272727
90	G	21	0.11931818181818182
91	A	52	0.29545454545454547
91	C	11	0.0625
92	G	1	0.005681818181818182
92	T	57	0.32386363636363635
93	C	32	0.18181818181818182
94	C	1	0.005681818181818182
94	G	1	0.005681818181818182
96	A	2	0.011363636363636364
97	A	19	0.10795454545454546
97	C	16	0.09090909090909091
97	T	8	0.045454545454545456
98	T	2	0.011363636363636364
99	C	1	0.005681818181818182
99	G	3	0.017045454545454544
100	C	1	0.005681818181818182
101	C	12	0.06818181818181818
102	T	1	0.005681818181818182
103	G	1	0.005681818181818182
104	G	1	0.005681818181818182
104	T	1	0.005681818181818182
105	C	1	0.005681818181818182
105	G	1	0.005681818181818182
106	T	1	0.005681818181818182
107	A	1	0.005681818181818182
107	T	1	0.005681818181818182
109	G	1	0.005681818181818182
110	G	1	0.005681818181818182
111	G	1	0.005681818181818182
113	A	1	0.005681818181818182
114	A	1	0.005681818181818182
115	G	3	0.017045454545454544
116	T	1	0.005681818181818182
119	C	3	0.017045454545454544
119	G	3	0.017045454545454544
120	T	1	0.005681818181818182
121	A	1	0.005681818181818182
122	C	22	0.125
122	G	21	0.11931818181818182
124	A	2	0.011363636363636364
125	A	1	0.005681818181818182
127	C	1	0.005681818181818182
127	G	20	0.11363636363636363
129	A	1	0.005681818181818182
131	A	18	0.10227272727272728
131	T	1	0.005681818181818182
132	T	1	0.005681818181818182
133	A	1	0.005681818181818182
134	A	1	0.005681818181818182
134	G	13	0.07386363636363637
136	G	1	0.005681818181818182
136	T	9	0.05113636363636364
137	A	10	0.056818181818181816
138	A	1	0.005681818181818182
139	T	1	0.005681818181818182
140	A	2	0.011363636363636364
141	C	2	0.011363636363636364
141	T	1	0.005681818181818182
142	G	2	0.011363636363636364
143	C	10	0.056818181818181816
144	A	6	0.03409090909090909
144	T	1	0.005681818181818182
145	G	10	0.056818181818181816
145	T	1	0.005681818181818182
146	T	2	0.011363636363636364
147	A	1	0.005681818181818182
147	C	15	0.08522727272727272
147	T	1	0.005681818181818182
148	A	1	0.005681818181818182
148	C	2	0.011363636363636364
148	G	2	0.011363636363636364
149	C	4	0.022727272727272728
150	G	2	0.011363636363636364
150	T	1	0.005681818181818182
152	C	1	0.005681818181818182
152	G	15	0.08522727272727272
152	T	4	0.022727272727272728
153	C	2	0.011363636363636364
153	G	30	0.17045454545454544
154	A	48	0.2727272727272727
154	C	13	0.07386363636363637
154	T	1	0.005681818181818182
155	A	15	0.08522727272727272
155	C	2	0.011363636363636364
155	T	18	0.10227272727272728
156	A	1	0.005681818181818182
156	C	16	0.09090909090909091
157	C	11	0.0625
157	T	23	0.13068181818181818
158	C	1	0.005681818181818182
158	G	1	0.005681818181818182
160	G	15	0.08522727272727272
163	C	1	0.005681818181818182
163	T	4	0.022727272727272728
164	C	2	0.011363636363636364
165	C	1	0.005681818181818182
165	G	1	0.005681818181818182
166	A	33	0.1875
166	C	8	0.045454545454545456
166	T	13	0.07386363636363637
167	C	1	0.005681818181818182
167	G	18	0.10227272727272728
168	C	8	0.045454545454545456
168	G	54	0.3068181818181818
169	C	11	0.0625
169	G	8	0.045454545454545456
169	T	25	0.14204545454545456
170	G	8	0.045454545454545456
171	C	1	0.005681818181818182
171	G	5	0.028409090909090908
172	C	2	0.011363636363636364
172	G	1	0.005681818181818182
173	G	14	0.07954545454545454
174	A	24	0.13636363636363635
174	G	18	0.10227272727272728
175	T	2	0.011363636363636364
176	A	1	0.005681818181818182
176	T	52	0.29545454545454547
178	G	1	0.005681818181818182
179	C	1	0.005681818181818182
181	A	1	0.005681818181818182
181	G	12	0.06818181818181818
181	T	2	0.011363636363636364
182	C	19	0.10795454545454546
184	C	2	0.011363636363636364
184	G	1	0.005681818181818182
185	A	1	0.005681818181818182
186	C	1	0.005681818181818182
187	A	1	0.005681818181818182
187	T	2	0.011363636363636364
189	A	10	0.056818181818181816
189	T	1	0.005681818181818182
193	C	1	0.005681818181818182
193	G	2	0.011363636363636364
195	A	2	0.011363636363636364
197	A	1	0.005681818181818182
197	T	1	0.005681818181818182
198	A	1	0.005681818181818182
200	C	1	0.005681818181818182
200	G	9	0.05113636363636364
204	C	1	0.005681818181818182
204	G	32	0.18181818181818182
205	T	4	0.022727272727272728
208	C	1	0.005681818181818182
209	T	1	0.005681818181818182
210	A	4	0.022727272727272728
210	C	1	0.005681818181818182
213	G	13	0.07386363636363637
215	C	3	0.017045454545454544
215	G	2	0.011363636363636364
216	A	2	0.011363636363636364
217	C	2	0.011363636363636364
218	A	1	0.005681818181818182
219	C	1	0.005681818181818182
220	C	1	0.005681818181818182
220	G	1	0.005681818181818182
220	T	10	0.056818181818181816
221	A	1	0.005681818181818182
221	C	35	0.19886363636363635
222	A	1	0.005681818181818182
223	A	1	0.005681818181818182
225	C	1	0.005681818181818182
225	G	1	0.005681818181818182
226	C	1	0.005681818181818182
226	G	2	0.011363636363636364
226	T	3	0.017045454545454544
227	A	1	0.005681818181818182
228	C	5	0.028409090909090908
228	G	1	0.005681818181818182
229	C	2	0.011363636363636364
229	G	1	0.005681818181818182
230	G	8	0.045454545454545456
230	T	8	0.045454545454545456
232	A	2	0.011363636363636364
232	T	12	0.06818181818181818
233	A	16	0.09090909090909091
233	T	47	0.26704545454545453
234	G	42	0.23863636363636365
234	T	12	0.06818181818181818
235	A	1	0.005681818181818182
235	G	1	0.005681818181818182
236	A	6	0.03409090909090909
236	T	14	0.07954545454545454
238	C	1	0.005681818181818182
238	G	1	0.005681818181818182
238	T	9	0.05113636363636364
240	G	11	0.0625
240	T	19	0.10795454545454546
241	C	1	0.005681818181818182
242	A	2	0.011363636363636364
242	T	1	0.005681818181818182
243	A	2	0.011363636363636364
243	G	18	0.10227272727272728
245	G	2	0.011363636363636364
246	C	1	0.005681818181818182
246	T	1	0.005681818181818182
249	C	1	0.005681818181818182
250	C	1	0.005681818181818182
250	G	2	0.011363636363636364
251	T	15	0.08522727272727272
252	G	1	0.005681818181818182
253	A	12	0.06818181818181818
253	C	1	0.005681818181818182
254	T	1	0.005681818181818182
255	T	1	0.005681818181818182
256	A	1	0.005681818181818182
256	G	2	0.011363636363636364
258	C	4	0.022727272727272728
258	G	3	0.017045454545454544
259	A	4	0.022727272727272728
259	C	19	0.10795454545454546
260	G	1	0.005681818181818182
260	T	1	0.005681818181818182
261	A	2	0.011363636363636364
261	C	11	0.0625
262	A	9	0.05113636363636364
262	G	1	0.005681818181818182
262	T	40	0.22727272727272727
263	T	14	0.07954545454545454
264	A	1	0.005681818181818182
265	C	20	0.11363636363636363
265	G	18	0.10227272727272728
266	A	19	0.10795454545454546
266	C	12	0.06818181818181818
268	C	1	0.005681818181818182
268	G	1	0.005681818181818182
269	A	1	0.005681818181818182
270	G	1	0.005681818181818182
271	T	2	0.011363636363636364
273	T	8	0.045454545454545456
274	A	1	0.005681818181818182
274	G	1	0.005681818181818182
276	A	14	0.07954545454545454
276	C	18	0.10227272727272728
277	C	12	0.06818181818181818
277	G	1	0.005681818181818182
278	A	29	0.16477272727272727
278	C	31	0.17613636363636365
278	T	15	0.08522727272727272
280	C	1	0.005681818181818182
280	G	1	0.005681818181818182
281	C	2	0.011363636363636364
281	G	1	0.005681818181818182
283	T	22	0.125
284	T	41	0.23295454545454544
286	A	1	0.005681818181818182
287	C	3	0.017045454545454544
287	G	1	0.005681818181818182
288	T	1	0.005681818181818182
289	T	1	0.005681818181818182
290	A	2	0.011363636363636364
290	T	1	0.005681818181818182
