Position	Nucleotide	Multiplicity	Frequency
50	C	1	0.004329004329004329
50	G	1	0.004329004329004329
52	C	2	0.008658008658008658
54	C	2	0.008658008658008658
54	G	1	0.004329004329004329
55	C	3	0.012987012987012988
55	G	1	0.004329004329004329
58	A	2	0.008658008658008658
58	C	1	0.004329004329004329
60	C	2	0.008658008658008658
61	T	1	0.004329004329004329
62	A	1	0.004329004329004329
63	C	1	0.004329004329004329
63	G	1	0.004329004329004329
64	A	1	0.004329004329004329
65	G	1	0.004329004329004329
65	T	1	0.004329004329004329
67	G	7	0.030303030303030304
69	A	57	0.24675324675324675
69	C	2	0.008658008658008658
71	C	23	0.09956709956709957
72	C	3	0.012987012987012988
73	T	13	0.05627705627705628
74	A	1	0.004329004329004329
74	C	34	0.1471861471861472
77	C	15	0.06493506493506493
79	T	21	0.09090909090909091
80	T	21	0.09090909090909091
81	G	1	0.004329004329004329
82	A	31	0.1341991341991342
82	G	1	0.004329004329004329
82	T	1	0.004329004329004329
83	A	9	0.03896103896103896
83	T	1	0.004329004329004329
84	C	1	0.004329004329004329
86	C	56	0.24242424242424243
87	C	33	0.14285714285714285
87	T	1	0.004329004329004329
88	A	42	0.18181818181818182
88	G	26	0.11255411255411256
88	T	41	0.1774891774891775
89	G	39	0.16883116883116883
89	T	7	0.030303030303030304
90	C	20	0.08658008658008658
91	A	116	0.5021645021645021
91	C	22	0.09523809523809523
92	G	1	0.004329004329004329
92	T	92	0.39826839826839827
93	C	1	0.004329004329004329
94	G	1	0.004329004329004329
95	A	1	0.004329004329004329
95	C	17	0.0735930735930736
96	A	1	0.004329004329004329
97	A	19	0.08225108225108226
97	T	13	0.05627705627705628
98	C	1	0.004329004329004329
99	G	56	0.24242424242424243
99	T	7	0.030303030303030304
100	C	1	0.004329004329004329
101	T	27	0.11688311688311688
102	G	2	0.008658008658008658
102	T	21	0.09090909090909091
103	A	9	0.03896103896103896
103	C	35	0.15151515151515152
104	T	34	0.1471861471861472
106	A	1	0.004329004329004329
106	C	1	0.004329004329004329
106	T	1	0.004329004329004329
107	C	1	0.004329004329004329
108	A	1	0.004329004329004329
109	C	6	0.025974025974025976
110	A	1	0.004329004329004329
110	T	1	0.004329004329004329
111	A	1	0.004329004329004329
111	G	1	0.004329004329004329
113	C	1	0.004329004329004329
113	G	1	0.004329004329004329
115	G	13	0.05627705627705628
117	C	1	0.004329004329004329
118	A	1	0.004329004329004329
118	T	6	0.025974025974025976
119	A	1	0.004329004329004329
120	A	1	0.004329004329004329
122	C	6	0.025974025974025976
123	A	1	0.004329004329004329
123	C	1	0.004329004329004329
124	A	1	0.004329004329004329
125	C	3	0.012987012987012988
125	G	1	0.004329004329004329
126	T	1	0.004329004329004329
127	G	2	0.008658008658008658
127	T	1	0.004329004329004329
128	C	1	0.004329004329004329
128	G	1	0.004329004329004329
131	A	1	0.004329004329004329
131	C	22	0.09523809523809523
133	C	1	0.004329004329004329
134	A	22	0.09523809523809523
134	C	1	0.004329004329004329
135	A	3	0.012987012987012988
135	T	1	0.004329004329004329
136	C	1	0.004329004329004329
136	G	1	0.004329004329004329
137	T	1	0.004329004329004329
139	A	3	0.012987012987012988
139	T	33	0.14285714285714285
140	C	3	0.012987012987012988
140	T	33	0.14285714285714285
141	C	27	0.11688311688311688
141	G	55	0.23809523809523808
145	C	42	0.18181818181818182
146	G	76	0.329004329004329
146	T	7	0.030303030303030304
147	C	1	0.004329004329004329
147	G	1	0.004329004329004329
148	T	1	0.004329004329004329
152	A	1	0.004329004329004329
152	T	22	0.09523809523809523
153	G	3	0.012987012987012988
153	T	1	0.004329004329004329
154	A	23	0.09956709956709957
155	T	2	0.008658008658008658
156	A	29	0.12554112554112554
156	C	61	0.26406926406926406
157	G	23	0.09956709956709957
157	T	20	0.08658008658008658
158	C	24	0.1038961038961039
158	G	22	0.09523809523809523
159	A	1	0.004329004329004329
159	C	42	0.18181818181818182
159	G	40	0.17316017316017315
160	G	1	0.004329004329004329
160	T	1	0.004329004329004329
161	A	2	0.008658008658008658
161	G	2	0.008658008658008658
161	T	4	0.017316017316017316
162	C	2	0.008658008658008658
162	G	21	0.09090909090909091
162	T	4	0.017316017316017316
163	C	14	0.06060606060606061
163	G	46	0.19913419913419914
164	C	7	0.030303030303030304
165	A	38	0.1645021645021645
165	C	2	0.008658008658008658
165	T	1	0.004329004329004329
166	C	43	0.18614718614718614
166	T	1	0.004329004329004329
167	A	1	0.004329004329004329
167	G	13	0.05627705627705628
168	C	26	0.11255411255411256
168	G	64	0.27705627705627706
169	C	3	0.012987012987012988
169	T	3	0.012987012987012988
170	A	1	0.004329004329004329
171	T	1	0.004329004329004329
172	T	1	0.004329004329004329
173	C	1	0.004329004329004329
173	G	1	0.004329004329004329
173	T	42	0.18181818181818182
174	C	1	0.004329004329004329
174	G	35	0.15151515151515152
174	T	1	0.004329004329004329
175	C	1	0.004329004329004329
175	G	43	0.18614718614718614
176	A	39	0.16883116883116883
176	G	14	0.06060606060606061
176	T	4	0.017316017316017316
177	A	26	0.11255411255411256
177	C	1	0.004329004329004329
177	G	1	0.004329004329004329
178	G	2	0.008658008658008658
178	T	28	0.12121212121212122
179	A	21	0.09090909090909091
180	C	33	0.14285714285714285
181	A	1	0.004329004329004329
182	C	3	0.012987012987012988
182	G	2	0.008658008658008658
183	G	1	0.004329004329004329
183	T	1	0.004329004329004329
184	C	27	0.11688311688311688
184	G	13	0.05627705627705628
185	A	1	0.004329004329004329
185	T	1	0.004329004329004329
186	G	1	0.004329004329004329
187	C	1	0.004329004329004329
187	G	61	0.26406926406926406
187	T	7	0.030303030303030304
188	A	81	0.35064935064935066
188	C	29	0.12554112554112554
188	T	49	0.21212121212121213
189	A	1	0.004329004329004329
189	G	28	0.12121212121212122
189	T	90	0.38961038961038963
190	A	1	0.004329004329004329
190	C	2	0.008658008658008658
194	A	1	0.004329004329004329
195	A	1	0.004329004329004329
196	A	39	0.16883116883116883
196	C	1	0.004329004329004329
197	T	1	0.004329004329004329
198	C	3	0.012987012987012988
198	G	2	0.008658008658008658
199	A	1	0.004329004329004329
200	C	2	0.008658008658008658
200	G	4	0.017316017316017316
201	T	1	0.004329004329004329
202	C	1	0.004329004329004329
203	T	13	0.05627705627705628
204	G	27	0.11688311688311688
205	A	3	0.012987012987012988
205	G	13	0.05627705627705628
207	C	7	0.030303030303030304
207	G	1	0.004329004329004329
208	C	1	0.004329004329004329
210	G	1	0.004329004329004329
211	A	1	0.004329004329004329
211	G	27	0.11688311688311688
212	A	1	0.004329004329004329
213	G	4	0.017316017316017316
214	A	22	0.09523809523809523
215	G	23	0.09956709956709957
217	C	2	0.008658008658008658
217	G	2	0.008658008658008658
217	T	3	0.012987012987012988
218	A	34	0.1471861471861472
218	T	1	0.004329004329004329
219	C	3	0.012987012987012988
220	A	2	0.008658008658008658
220	T	33	0.14285714285714285
221	C	3	0.012987012987012988
221	G	14	0.06060606060606061
222	A	7	0.030303030303030304
222	G	2	0.008658008658008658
223	A	1	0.004329004329004329
223	T	9	0.03896103896103896
224	A	3	0.012987012987012988
225	G	14	0.06060606060606061
225	T	1	0.004329004329004329
226	A	1	0.004329004329004329
227	A	15	0.06493506493506493
227	C	1	0.004329004329004329
228	C	1	0.004329004329004329
228	G	32	0.13852813852813853
229	A	42	0.18181818181818182
229	C	45	0.19480519480519481
229	T	1	0.004329004329004329
230	G	33	0.14285714285714285
230	T	8	0.03463203463203463
231	C	3	0.012987012987012988
232	A	1	0.004329004329004329
233	C	2	0.008658008658008658
233	G	2	0.008658008658008658
233	T	1	0.004329004329004329
234	T	6	0.025974025974025976
235	T	20	0.08658008658008658
236	A	1	0.004329004329004329
236	G	5	0.021645021645021644
236	T	22	0.09523809523809523
237	A	7	0.030303030303030304
237	C	7	0.030303030303030304
237	G	2	0.008658008658008658
238	C	15	0.06493506493506493
239	A	2	0.008658008658008658
239	T	7	0.030303030303030304
240	C	2	0.008658008658008658
240	T	13	0.05627705627705628
241	A	2	0.008658008658008658
241	C	2	0.008658008658008658
242	A	2	0.008658008658008658
242	T	1	0.004329004329004329
243	A	1	0.004329004329004329
244	C	1	0.004329004329004329
244	G	1	0.004329004329004329
245	A	83	0.3593073593073593
245	C	1	0.004329004329004329
246	A	33	0.14285714285714285
246	G	18	0.07792207792207792
246	T	7	0.030303030303030304
247	A	1	0.004329004329004329
247	C	1	0.004329004329004329
247	G	1	0.004329004329004329
248	T	2	0.008658008658008658
249	C	3	0.012987012987012988
249	G	1	0.004329004329004329
250	A	23	0.09956709956709957
250	C	5	0.021645021645021644
251	A	1	0.004329004329004329
251	T	1	0.004329004329004329
252	C	2	0.008658008658008658
252	G	23	0.09956709956709957
252	T	1	0.004329004329004329
253	A	13	0.05627705627705628
254	T	29	0.12554112554112554
256	G	2	0.008658008658008658
257	A	18	0.07792207792207792
257	T	7	0.030303030303030304
258	C	1	0.004329004329004329
258	G	2	0.008658008658008658
259	A	1	0.004329004329004329
259	C	32	0.13852813852813853
260	C	3	0.012987012987012988
260	T	2	0.008658008658008658
261	G	2	0.008658008658008658
262	A	1	0.004329004329004329
263	C	1	0.004329004329004329
263	G	4	0.017316017316017316
264	A	1	0.004329004329004329
264	C	1	0.004329004329004329
265	G	1	0.004329004329004329
266	A	2	0.008658008658008658
267	A	1	0.004329004329004329
268	G	4	0.017316017316017316
268	T	1	0.004329004329004329
269	A	5	0.021645021645021644
270	C	1	0.004329004329004329
270	T	1	0.004329004329004329
272	A	2	0.008658008658008658
274	T	1	0.004329004329004329
275	A	1	0.004329004329004329
276	A	13	0.05627705627705628
276	C	2	0.008658008658008658
276	T	3	0.012987012987012988
277	G	1	0.004329004329004329
278	A	43	0.18614718614718614
278	C	4	0.017316017316017316
278	T	1	0.004329004329004329
279	C	2	0.008658008658008658
280	G	2	0.008658008658008658
281	C	7	0.030303030303030304
283	G	1	0.004329004329004329
283	T	26	0.11255411255411256
284	T	19	0.08225108225108226
285	C	1	0.004329004329004329
285	G	1	0.004329004329004329
286	T	1	0.004329004329004329
287	C	1	0.004329004329004329
287	G	3	0.012987012987012988
288	A	1	0.004329004329004329
289	G	3	0.012987012987012988
289	T	35	0.15151515151515152
