Position	Nucleotide	Multiplicity	Frequency
13	G	1	0.037037037037037035
25	T	1	0.037037037037037035
27	A	27	1.0
42	C	1	0.037037037037037035
55	A	19	0.7037037037037037
69	C	21	0.7777777777777778
77	C	15	0.5555555555555556
78	C	25	0.9259259259259259
80	G	6	0.2222222222222222
84	G	4	0.14814814814814814
86	A	15	0.5555555555555556
86	G	6	0.2222222222222222
88	C	21	0.7777777777777778
89	G	6	0.2222222222222222
89	T	4	0.14814814814814814
90	T	25	0.9259259259259259
91	T	1	0.037037037037037035
92	A	4	0.14814814814814814
93	C	6	0.2222222222222222
94	C	6	0.2222222222222222
94	T	19	0.7037037037037037
108	G	1	0.037037037037037035
110	T	21	0.7777777777777778
113	A	1	0.037037037037037035
114	G	4	0.14814814814814814
119	A	6	0.2222222222222222
131	C	6	0.2222222222222222
146	T	1	0.037037037037037035
147	T	1	0.037037037037037035
154	T	1	0.037037037037037035
184	A	18	0.6666666666666666
184	C	1	0.037037037037037035
185	T	21	0.7777777777777778
186	C	19	0.7037037037037037
188	T	1	0.037037037037037035
191	C	1	0.037037037037037035
195	G	24	0.8888888888888888
195	T	1	0.037037037037037035
196	C	1	0.037037037037037035
198	G	25	0.9259259259259259
203	A	4	0.14814814814814814
206	T	1	0.037037037037037035
207	C	1	0.037037037037037035
222	C	1	0.037037037037037035
224	G	2	0.07407407407407407
224	T	6	0.2222222222222222
225	G	19	0.7037037037037037
228	C	1	0.037037037037037035
231	C	1	0.037037037037037035
232	C	1	0.037037037037037035
239	A	6	0.2222222222222222
239	T	1	0.037037037037037035
241	G	1	0.037037037037037035
247	A	1	0.037037037037037035
247	G	4	0.14814814814814814
248	G	21	0.7777777777777778
255	G	25	0.9259259259259259
258	T	1	0.037037037037037035
262	G	21	0.7777777777777778
264	T	4	0.14814814814814814
266	C	15	0.5555555555555556
270	A	1	0.037037037037037035
275	G	15	0.5555555555555556
277	G	10	0.37037037037037035
278	A	2	0.07407407407407407
281	C	19	0.7037037037037037
286	T	15	0.5555555555555556
293	G	6	0.2222222222222222
294	G	6	0.2222222222222222
295	A	6	0.2222222222222222
