Position	Nucleotide	Multiplicity	Frequency
47	A	1	0.002150537634408602
48	C	1	0.002150537634408602
49	T	2	0.004301075268817204
50	T	4	0.008602150537634409
51	T	1	0.002150537634408602
54	G	1	0.002150537634408602
55	C	1	0.002150537634408602
56	G	2	0.004301075268817204
57	A	1	0.002150537634408602
58	C	2	0.004301075268817204
60	C	3	0.0064516129032258064
62	T	1	0.002150537634408602
63	G	1	0.002150537634408602
65	C	20	0.043010752688172046
65	G	1	0.002150537634408602
66	A	5	0.010752688172043012
67	A	5	0.010752688172043012
67	T	1	0.002150537634408602
68	T	12	0.025806451612903226
69	A	1	0.002150537634408602
69	C	1	0.002150537634408602
70	G	12	0.025806451612903226
70	T	1	0.002150537634408602
71	T	1	0.002150537634408602
72	C	3	0.0064516129032258064
74	C	5	0.010752688172043012
74	G	1	0.002150537634408602
75	A	1	0.002150537634408602
75	C	1	0.002150537634408602
76	A	1	0.002150537634408602
77	G	1	0.002150537634408602
77	T	1	0.002150537634408602
78	C	1	0.002150537634408602
79	C	2	0.004301075268817204
80	T	34	0.07311827956989247
81	C	1	0.002150537634408602
82	G	35	0.07526881720430108
82	T	2	0.004301075268817204
83	T	49	0.1053763440860215
84	A	1	0.002150537634408602
84	C	1	0.002150537634408602
85	C	4	0.008602150537634409
86	A	3	0.0064516129032258064
86	G	1	0.002150537634408602
86	T	23	0.04946236559139785
87	G	3	0.0064516129032258064
88	A	3	0.0064516129032258064
88	C	14	0.030107526881720432
89	A	1	0.002150537634408602
89	C	3	0.0064516129032258064
90	C	42	0.09032258064516129
90	G	11	0.023655913978494623
90	T	22	0.047311827956989246
91	A	74	0.15913978494623657
91	C	77	0.16559139784946236
91	T	101	0.2172043010752688
92	A	19	0.04086021505376344
92	G	2	0.004301075268817204
92	T	144	0.3096774193548387
93	A	2	0.004301075268817204
93	C	1	0.002150537634408602
94	C	1	0.002150537634408602
94	G	1	0.002150537634408602
95	C	61	0.13118279569892474
96	G	2	0.004301075268817204
97	A	192	0.4129032258064516
97	C	49	0.1053763440860215
98	T	143	0.30752688172043013
99	C	24	0.05161290322580645
99	G	2	0.004301075268817204
99	T	19	0.04086021505376344
100	C	4	0.008602150537634409
101	A	35	0.07526881720430108
101	C	15	0.03225806451612903
102	C	1	0.002150537634408602
102	G	1	0.002150537634408602
103	C	1	0.002150537634408602
103	G	26	0.05591397849462366
104	T	46	0.0989247311827957
105	C	2	0.004301075268817204
106	A	1	0.002150537634408602
107	C	1	0.002150537634408602
108	A	20	0.043010752688172046
108	T	1	0.002150537634408602
109	A	1	0.002150537634408602
109	C	3	0.0064516129032258064
110	A	1	0.002150537634408602
111	T	1	0.002150537634408602
112	T	1	0.002150537634408602
113	T	1	0.002150537634408602
114	T	1	0.002150537634408602
115	C	1	0.002150537634408602
115	G	45	0.0967741935483871
117	A	15	0.03225806451612903
117	C	23	0.04946236559139785
118	T	1	0.002150537634408602
119	C	4	0.008602150537634409
120	A	1	0.002150537634408602
122	C	1	0.002150537634408602
122	G	60	0.12903225806451613
123	A	2	0.004301075268817204
123	T	1	0.002150537634408602
124	A	1	0.002150537634408602
125	A	98	0.210752688172043
125	C	2	0.004301075268817204
126	C	3	0.0064516129032258064
126	G	2	0.004301075268817204
127	C	2	0.004301075268817204
127	G	14	0.030107526881720432
129	A	13	0.02795698924731183
129	C	2	0.004301075268817204
130	A	1	0.002150537634408602
130	T	1	0.002150537634408602
131	A	1	0.002150537634408602
132	G	1	0.002150537634408602
133	C	2	0.004301075268817204
134	A	2	0.004301075268817204
134	T	1	0.002150537634408602
135	A	2	0.004301075268817204
135	C	22	0.047311827956989246
136	C	1	0.002150537634408602
136	G	1	0.002150537634408602
137	A	22	0.047311827956989246
137	C	12	0.025806451612903226
137	T	2	0.004301075268817204
138	C	3	0.0064516129032258064
139	A	1	0.002150537634408602
140	A	2	0.004301075268817204
141	A	2	0.004301075268817204
141	T	2	0.004301075268817204
142	C	7	0.015053763440860216
143	G	34	0.07311827956989247
143	T	2	0.004301075268817204
144	C	2	0.004301075268817204
144	G	65	0.13978494623655913
145	T	3	0.0064516129032258064
146	C	3	0.0064516129032258064
146	G	1	0.002150537634408602
147	A	2	0.004301075268817204
147	C	2	0.004301075268817204
148	A	22	0.047311827956989246
148	T	28	0.060215053763440864
149	A	21	0.04516129032258064
149	G	34	0.07311827956989247
149	T	31	0.06666666666666667
150	C	16	0.034408602150537634
150	G	19	0.04086021505376344
150	T	1	0.002150537634408602
151	A	2	0.004301075268817204
151	C	1	0.002150537634408602
151	G	1	0.002150537634408602
152	C	2	0.004301075268817204
152	G	1	0.002150537634408602
153	C	1	0.002150537634408602
154	A	66	0.14193548387096774
154	C	13	0.02795698924731183
154	T	2	0.004301075268817204
155	C	32	0.06881720430107527
155	G	24	0.05161290322580645
156	C	38	0.08172043010752689
156	G	116	0.24946236559139784
156	T	16	0.034408602150537634
157	A	27	0.05806451612903226
157	C	85	0.1827956989247312
157	T	1	0.002150537634408602
158	A	48	0.1032258064516129
158	C	54	0.11612903225806452
158	G	38	0.08172043010752689
159	C	41	0.08817204301075268
159	G	53	0.11397849462365592
159	T	2	0.004301075268817204
160	A	58	0.12473118279569892
160	C	118	0.2537634408602151
160	T	41	0.08817204301075268
161	A	8	0.017204301075268817
161	G	1	0.002150537634408602
162	C	1	0.002150537634408602
162	G	130	0.27956989247311825
163	A	1	0.002150537634408602
163	C	1	0.002150537634408602
164	A	1	0.002150537634408602
164	C	33	0.07096774193548387
165	C	11	0.023655913978494623
165	G	85	0.1827956989247312
165	T	44	0.09462365591397849
166	A	161	0.34623655913978496
166	C	108	0.23225806451612904
167	A	24	0.05161290322580645
167	C	30	0.06451612903225806
168	A	33	0.07096774193548387
168	C	1	0.002150537634408602
168	G	67	0.14408602150537633
169	C	22	0.047311827956989246
169	G	2	0.004301075268817204
169	T	34	0.07311827956989247
170	A	2	0.004301075268817204
170	T	6	0.012903225806451613
171	C	1	0.002150537634408602
171	G	4	0.008602150537634409
172	A	41	0.08817204301075268
172	C	5	0.010752688172043012
173	C	32	0.06881720430107527
173	T	31	0.06666666666666667
174	A	7	0.015053763440860216
174	C	24	0.05161290322580645
174	G	31	0.06666666666666667
175	C	36	0.07741935483870968
175	G	1	0.002150537634408602
175	T	55	0.11827956989247312
176	A	2	0.004301075268817204
176	T	134	0.28817204301075267
177	C	1	0.002150537634408602
177	G	105	0.22580645161290322
178	T	45	0.0967741935483871
179	T	27	0.05806451612903226
180	A	2	0.004301075268817204
180	C	23	0.04946236559139785
181	G	23	0.04946236559139785
181	T	1	0.002150537634408602
182	C	2	0.004301075268817204
182	G	2	0.004301075268817204
183	A	2	0.004301075268817204
183	T	1	0.002150537634408602
184	C	35	0.07526881720430108
184	G	2	0.004301075268817204
185	A	1	0.002150537634408602
185	T	2	0.004301075268817204
186	C	8	0.017204301075268817
188	C	23	0.04946236559139785
188	G	7	0.015053763440860216
188	T	64	0.13763440860215054
189	A	56	0.12043010752688173
189	C	39	0.08387096774193549
189	T	9	0.01935483870967742
190	C	1	0.002150537634408602
190	G	2	0.004301075268817204
191	A	19	0.04086021505376344
191	T	16	0.034408602150537634
192	G	3	0.0064516129032258064
193	G	96	0.2064516129032258
193	T	20	0.043010752688172046
194	T	2	0.004301075268817204
195	A	2	0.004301075268817204
195	T	2	0.004301075268817204
196	A	3	0.0064516129032258064
196	C	1	0.002150537634408602
198	A	1	0.002150537634408602
198	T	1	0.002150537634408602
199	A	2	0.004301075268817204
200	C	14	0.030107526881720432
200	G	1	0.002150537634408602
201	A	12	0.025806451612903226
201	C	1	0.002150537634408602
201	G	1	0.002150537634408602
202	C	2	0.004301075268817204
203	A	3	0.0064516129032258064
203	T	1	0.002150537634408602
204	C	3	0.0064516129032258064
204	G	25	0.053763440860215055
204	T	23	0.04946236559139785
205	A	1	0.002150537634408602
205	T	6	0.012903225806451613
206	A	1	0.002150537634408602
206	T	1	0.002150537634408602
207	C	1	0.002150537634408602
207	G	38	0.08172043010752689
207	T	1	0.002150537634408602
208	A	1	0.002150537634408602
208	C	24	0.05161290322580645
209	G	21	0.04516129032258064
209	T	24	0.05161290322580645
210	C	2	0.004301075268817204
210	G	19	0.04086021505376344
211	A	1	0.002150537634408602
211	T	2	0.004301075268817204
212	A	3	0.0064516129032258064
213	C	20	0.043010752688172046
213	G	2	0.004301075268817204
214	A	3	0.0064516129032258064
214	T	2	0.004301075268817204
215	C	4	0.008602150537634409
215	G	4	0.008602150537634409
215	T	1	0.002150537634408602
217	C	1	0.002150537634408602
217	G	3	0.0064516129032258064
218	A	1	0.002150537634408602
218	T	25	0.053763440860215055
219	C	2	0.004301075268817204
219	G	26	0.05591397849462366
220	C	3	0.0064516129032258064
220	G	15	0.03225806451612903
220	T	1	0.002150537634408602
221	A	1	0.002150537634408602
221	G	1	0.002150537634408602
221	T	34	0.07311827956989247
222	A	1	0.002150537634408602
222	C	1	0.002150537634408602
222	T	5	0.010752688172043012
223	A	2	0.004301075268817204
224	A	3	0.0064516129032258064
225	G	1	0.002150537634408602
225	T	1	0.002150537634408602
226	G	12	0.025806451612903226
227	A	6	0.012903225806451613
227	C	1	0.002150537634408602
227	T	2	0.004301075268817204
228	C	4	0.008602150537634409
228	G	2	0.004301075268817204
229	C	3	0.0064516129032258064
229	G	98	0.210752688172043
230	A	1	0.002150537634408602
230	G	1	0.002150537634408602
230	T	24	0.05161290322580645
231	A	1	0.002150537634408602
231	C	2	0.004301075268817204
231	G	1	0.002150537634408602
232	A	4	0.008602150537634409
232	T	3	0.0064516129032258064
233	C	44	0.09462365591397849
234	A	2	0.004301075268817204
234	G	22	0.047311827956989246
234	T	20	0.043010752688172046
235	A	1	0.002150537634408602
235	C	3	0.0064516129032258064
236	A	45	0.0967741935483871
236	C	3	0.0064516129032258064
236	T	16	0.034408602150537634
237	A	1	0.002150537634408602
237	C	12	0.025806451612903226
237	G	23	0.04946236559139785
238	C	3	0.0064516129032258064
238	G	1	0.002150537634408602
238	T	98	0.210752688172043
239	A	2	0.004301075268817204
239	C	11	0.023655913978494623
239	G	1	0.002150537634408602
240	G	1	0.002150537634408602
240	T	43	0.09247311827956989
241	G	1	0.002150537634408602
242	A	53	0.11397849462365592
242	C	1	0.002150537634408602
242	T	1	0.002150537634408602
243	A	4	0.008602150537634409
243	G	24	0.05161290322580645
243	T	1	0.002150537634408602
244	C	1	0.002150537634408602
244	T	23	0.04946236559139785
245	C	52	0.11182795698924732
245	G	35	0.07526881720430108
246	C	42	0.09032258064516129
246	G	17	0.03655913978494624
247	A	1	0.002150537634408602
247	C	2	0.004301075268817204
248	A	2	0.004301075268817204
248	T	1	0.002150537634408602
249	C	1	0.002150537634408602
249	G	2	0.004301075268817204
250	G	2	0.004301075268817204
251	A	2	0.004301075268817204
251	T	36	0.07741935483870968
252	C	1	0.002150537634408602
252	G	15	0.03225806451612903
252	T	1	0.002150537634408602
253	A	34	0.07311827956989247
253	C	13	0.02795698924731183
254	G	35	0.07526881720430108
254	T	1	0.002150537634408602
255	A	13	0.02795698924731183
255	T	35	0.07526881720430108
256	G	4	0.008602150537634409
258	C	1	0.002150537634408602
258	G	7	0.015053763440860216
259	A	2	0.004301075268817204
259	C	4	0.008602150537634409
259	T	3	0.0064516129032258064
260	G	3	0.0064516129032258064
261	C	1	0.002150537634408602
261	T	2	0.004301075268817204
262	A	48	0.1032258064516129
262	G	34	0.07311827956989247
262	T	78	0.16774193548387098
263	A	1	0.002150537634408602
263	T	1	0.002150537634408602
264	A	2	0.004301075268817204
265	G	2	0.004301075268817204
266	A	18	0.03870967741935484
266	C	21	0.04516129032258064
266	T	1	0.002150537634408602
267	T	1	0.002150537634408602
268	C	1	0.002150537634408602
268	G	1	0.002150537634408602
269	A	7	0.015053763440860216
270	C	2	0.004301075268817204
270	G	2	0.004301075268817204
271	A	3	0.0064516129032258064
271	T	1	0.002150537634408602
273	A	2	0.004301075268817204
273	T	1	0.002150537634408602
274	A	1	0.002150537634408602
274	G	1	0.002150537634408602
274	T	3	0.0064516129032258064
275	A	3	0.0064516129032258064
275	G	2	0.004301075268817204
276	C	24	0.05161290322580645
276	T	1	0.002150537634408602
277	A	2	0.004301075268817204
277	C	1	0.002150537634408602
277	G	1	0.002150537634408602
278	A	47	0.1010752688172043
278	C	24	0.05161290322580645
278	T	73	0.15698924731182795
279	C	2	0.004301075268817204
280	C	1	0.002150537634408602
280	T	4	0.008602150537634409
281	C	1	0.002150537634408602
281	G	4	0.008602150537634409
282	A	1	0.002150537634408602
282	C	2	0.004301075268817204
283	C	1	0.002150537634408602
283	G	1	0.002150537634408602
283	T	22	0.047311827956989246
284	A	5	0.010752688172043012
284	G	1	0.002150537634408602
284	T	89	0.1913978494623656
285	A	2	0.004301075268817204
285	C	2	0.004301075268817204
285	G	1	0.002150537634408602
286	A	1	0.002150537634408602
287	A	1	0.002150537634408602
287	C	34	0.07311827956989247
287	G	2	0.004301075268817204
288	A	5	0.010752688172043012
289	A	1	0.002150537634408602
289	T	42	0.09032258064516129
