Position	Nucleotide	Multiplicity	Frequency
52	C	1	0.0136986301369863
55	C	1	0.0136986301369863
59	C	72	0.9863013698630136
61	T	1	0.0136986301369863
62	T	1	0.0136986301369863
65	T	1	0.0136986301369863
66	G	1	0.0136986301369863
71	C	55	0.7534246575342466
72	A	55	0.7534246575342466
75	A	1	0.0136986301369863
78	C	1	0.0136986301369863
81	G	55	0.7534246575342466
81	T	12	0.1643835616438356
82	G	58	0.7945205479452054
84	C	3	0.0410958904109589
87	G	4	0.0547945205479452
88	G	13	0.1780821917808219
88	T	4	0.0547945205479452
90	G	14	0.1917808219178082
90	T	3	0.0410958904109589
91	A	56	0.7671232876712328
91	C	1	0.0136986301369863
92	A	1	0.0136986301369863
92	T	55	0.7534246575342466
93	A	41	0.5616438356164384
93	C	14	0.1917808219178082
94	C	3	0.0410958904109589
95	C	1	0.0136986301369863
96	A	2	0.0273972602739726
97	A	1	0.0136986301369863
98	C	55	0.7534246575342466
99	G	55	0.7534246575342466
100	C	1	0.0136986301369863
101	C	1	0.0136986301369863
104	C	12	0.1643835616438356
106	C	1	0.0136986301369863
107	A	1	0.0136986301369863
108	A	1	0.0136986301369863
109	C	1	0.0136986301369863
110	T	2	0.0273972602739726
112	A	1	0.0136986301369863
123	C	1	0.0136986301369863
125	C	1	0.0136986301369863
127	C	1	0.0136986301369863
128	C	13	0.1780821917808219
129	C	1	0.0136986301369863
129	G	2	0.0273972602739726
130	A	40	0.547945205479452
130	C	1	0.0136986301369863
131	A	41	0.5616438356164384
132	A	1	0.0136986301369863
133	G	1	0.0136986301369863
134	G	14	0.1917808219178082
135	A	2	0.0273972602739726
135	C	1	0.0136986301369863
137	A	11	0.1506849315068493
137	C	1	0.0136986301369863
137	T	1	0.0136986301369863
141	C	1	0.0136986301369863
141	G	1	0.0136986301369863
141	T	14	0.1917808219178082
142	G	1	0.0136986301369863
146	G	1	0.0136986301369863
146	T	2	0.0273972602739726
150	C	1	0.0136986301369863
153	C	2	0.0273972602739726
155	T	41	0.5616438356164384
156	A	54	0.7397260273972602
156	C	1	0.0136986301369863
156	T	2	0.0273972602739726
160	A	55	0.7534246575342466
162	G	1	0.0136986301369863
164	A	41	0.5616438356164384
164	G	14	0.1917808219178082
165	A	1	0.0136986301369863
165	T	1	0.0136986301369863
167	A	2	0.0273972602739726
168	G	54	0.7397260273972602
172	T	1	0.0136986301369863
174	C	2	0.0273972602739726
175	G	57	0.7808219178082192
176	G	13	0.1780821917808219
178	T	16	0.2191780821917808
179	C	13	0.1780821917808219
182	C	1	0.0136986301369863
183	G	2	0.0273972602739726
184	G	2	0.0273972602739726
187	G	17	0.2328767123287671
188	A	12	0.1643835616438356
188	C	14	0.1917808219178082
188	T	2	0.0273972602739726
190	C	1	0.0136986301369863
193	C	1	0.0136986301369863
194	A	12	0.1643835616438356
194	C	1	0.0136986301369863
196	A	1	0.0136986301369863
197	A	1	0.0136986301369863
198	G	1	0.0136986301369863
201	C	16	0.2191780821917808
204	C	41	0.5616438356164384
205	T	55	0.7534246575342466
206	G	55	0.7534246575342466
207	C	12	0.1643835616438356
207	G	1	0.0136986301369863
207	T	2	0.0273972602739726
209	A	55	0.7534246575342466
210	G	15	0.2054794520547945
213	T	1	0.0136986301369863
215	C	1	0.0136986301369863
216	T	1	0.0136986301369863
217	G	1	0.0136986301369863
218	T	1	0.0136986301369863
219	C	1	0.0136986301369863
219	G	1	0.0136986301369863
220	A	1	0.0136986301369863
221	G	3	0.0410958904109589
221	T	2	0.0273972602739726
223	A	1	0.0136986301369863
224	A	1	0.0136986301369863
225	T	1	0.0136986301369863
226	G	1	0.0136986301369863
228	C	1	0.0136986301369863
229	A	2	0.0273972602739726
229	C	41	0.5616438356164384
230	A	1	0.0136986301369863
230	T	4	0.0547945205479452
231	G	1	0.0136986301369863
232	T	3	0.0410958904109589
233	C	1	0.0136986301369863
234	C	2	0.0273972602739726
235	T	5	0.0684931506849315
236	A	2	0.0273972602739726
237	G	1	0.0136986301369863
238	T	12	0.1643835616438356
239	T	2	0.0273972602739726
244	G	1	0.0136986301369863
245	A	26	0.3561643835616438
245	C	2	0.0273972602739726
246	G	11	0.1506849315068493
246	T	4	0.0547945205479452
248	A	1	0.0136986301369863
248	C	1	0.0136986301369863
248	T	1	0.0136986301369863
251	G	16	0.2191780821917808
251	T	12	0.1643835616438356
254	T	12	0.1643835616438356
256	C	1	0.0136986301369863
258	C	1	0.0136986301369863
259	A	2	0.0273972602739726
260	G	3	0.0410958904109589
261	A	3	0.0410958904109589
261	C	12	0.1643835616438356
262	T	2	0.0273972602739726
263	G	1	0.0136986301369863
265	G	1	0.0136986301369863
266	C	2	0.0273972602739726
267	T	1	0.0136986301369863
273	T	1	0.0136986301369863
276	C	55	0.7534246575342466
278	A	1	0.0136986301369863
278	C	14	0.1917808219178082
278	T	3	0.0410958904109589
282	C	1	0.0136986301369863
283	T	3	0.0410958904109589
284	T	12	0.1643835616438356
287	C	2	0.0273972602739726
