Position	Nucleotide	Multiplicity	Frequency
48	C	1	0.001366120218579235
49	T	1	0.001366120218579235
50	A	1	0.001366120218579235
50	T	4	0.00546448087431694
51	T	1	0.001366120218579235
53	A	1	0.001366120218579235
53	G	432	0.5901639344262295
54	G	1	0.001366120218579235
55	A	2	0.00273224043715847
55	C	1	0.001366120218579235
56	C	1	0.001366120218579235
56	G	1	0.001366120218579235
57	A	1	0.001366120218579235
57	T	2	0.00273224043715847
58	C	1	0.001366120218579235
59	T	1	0.001366120218579235
60	C	1	0.001366120218579235
62	T	3	0.004098360655737705
63	C	1	0.001366120218579235
63	G	1	0.001366120218579235
64	A	2	0.00273224043715847
65	C	19	0.025956284153005466
65	G	2	0.00273224043715847
66	A	28	0.03825136612021858
66	C	3	0.004098360655737705
67	T	14	0.01912568306010929
68	G	3	0.004098360655737705
69	C	2	0.00273224043715847
70	G	8	0.01092896174863388
70	T	20	0.0273224043715847
71	A	8	0.01092896174863388
71	T	2	0.00273224043715847
72	C	6	0.00819672131147541
73	A	1	0.001366120218579235
74	A	14	0.01912568306010929
74	C	3	0.004098360655737705
75	C	1	0.001366120218579235
75	T	1	0.001366120218579235
76	A	1	0.001366120218579235
77	A	21	0.028688524590163935
77	C	13	0.017759562841530054
78	A	3	0.004098360655737705
78	C	2	0.00273224043715847
78	G	3	0.004098360655737705
79	C	4	0.00546448087431694
81	C	1	0.001366120218579235
81	G	4	0.00546448087431694
82	G	17	0.023224043715846996
82	T	1	0.001366120218579235
83	C	29	0.03961748633879782
84	A	1	0.001366120218579235
84	C	3	0.004098360655737705
84	G	20	0.0273224043715847
85	C	5	0.006830601092896175
86	T	29	0.03961748633879782
87	G	2	0.00273224043715847
87	T	7	0.009562841530054645
88	A	7	0.009562841530054645
88	C	20	0.0273224043715847
88	T	14	0.01912568306010929
90	G	29	0.03961748633879782
90	T	1	0.001366120218579235
91	C	44	0.060109289617486336
91	G	4	0.00546448087431694
92	A	1	0.001366120218579235
92	T	52	0.07103825136612021
93	A	5	0.006830601092896175
94	T	20	0.0273224043715847
95	A	1	0.001366120218579235
96	A	1	0.001366120218579235
96	C	1	0.001366120218579235
97	A	3	0.004098360655737705
98	A	1	0.001366120218579235
98	T	1	0.001366120218579235
99	G	1	0.001366120218579235
100	C	1	0.001366120218579235
100	G	1	0.001366120218579235
101	A	1	0.001366120218579235
102	C	20	0.0273224043715847
102	G	4	0.00546448087431694
103	A	557	0.7609289617486339
103	C	72	0.09836065573770492
103	T	8	0.01092896174863388
104	A	1	0.001366120218579235
104	T	15	0.020491803278688523
105	C	7	0.009562841530054645
106	A	2	0.00273224043715847
107	A	2	0.00273224043715847
107	C	3	0.004098360655737705
109	A	1	0.001366120218579235
109	C	4	0.00546448087431694
110	A	1	0.001366120218579235
110	T	2	0.00273224043715847
111	A	1	0.001366120218579235
111	T	1	0.001366120218579235
112	A	3	0.004098360655737705
112	T	1	0.001366120218579235
113	G	1	0.001366120218579235
113	T	1	0.001366120218579235
114	A	1	0.001366120218579235
114	G	1	0.001366120218579235
114	T	2	0.00273224043715847
115	C	4	0.00546448087431694
115	G	4	0.00546448087431694
116	A	48	0.06557377049180328
117	A	44	0.060109289617486336
117	C	2	0.00273224043715847
118	T	39	0.05327868852459016
119	C	16	0.02185792349726776
119	G	1	0.001366120218579235
120	G	23	0.031420765027322405
120	T	1	0.001366120218579235
121	A	4	0.00546448087431694
122	C	4	0.00546448087431694
122	G	4	0.00546448087431694
122	T	21	0.028688524590163935
123	A	1	0.001366120218579235
124	C	2	0.00273224043715847
125	A	8	0.01092896174863388
126	C	3	0.004098360655737705
126	G	5	0.006830601092896175
127	C	3	0.004098360655737705
127	G	18	0.02459016393442623
127	T	1	0.001366120218579235
129	A	45	0.06147540983606557
129	C	16	0.02185792349726776
130	A	6	0.00819672131147541
131	A	16	0.02185792349726776
132	A	4	0.00546448087431694
132	G	1	0.001366120218579235
133	A	1	0.001366120218579235
133	C	18	0.02459016393442623
134	A	1	0.001366120218579235
135	A	1	0.001366120218579235
136	C	2	0.00273224043715847
136	G	5	0.006830601092896175
137	A	45	0.06147540983606557
138	C	3	0.004098360655737705
138	G	1	0.001366120218579235
139	A	1	0.001366120218579235
139	T	2	0.00273224043715847
140	A	1	0.001366120218579235
140	T	1	0.001366120218579235
141	A	19	0.025956284153005466
141	C	1	0.001366120218579235
141	T	1	0.001366120218579235
142	C	2	0.00273224043715847
142	G	2	0.00273224043715847
143	G	1	0.001366120218579235
143	T	22	0.030054644808743168
144	A	3	0.004098360655737705
144	T	1	0.001366120218579235
145	A	1	0.001366120218579235
145	T	3	0.004098360655737705
146	A	3	0.004098360655737705
146	T	2	0.00273224043715847
147	A	4	0.00546448087431694
147	G	2	0.00273224043715847
147	T	3	0.004098360655737705
148	A	2	0.00273224043715847
149	C	4	0.00546448087431694
149	G	62	0.08469945355191257
150	C	5	0.006830601092896175
150	G	22	0.030054644808743168
150	T	1	0.001366120218579235
151	A	2	0.00273224043715847
151	C	1	0.001366120218579235
151	G	2	0.00273224043715847
152	A	1	0.001366120218579235
152	C	6	0.00819672131147541
152	G	1	0.001366120218579235
153	C	2	0.00273224043715847
153	T	1	0.001366120218579235
154	C	6	0.00819672131147541
154	G	2	0.00273224043715847
154	T	1	0.001366120218579235
155	C	2	0.00273224043715847
155	G	580	0.7923497267759563
155	T	1	0.001366120218579235
156	C	2	0.00273224043715847
156	G	17	0.023224043715846996
157	C	20	0.0273224043715847
158	A	1	0.001366120218579235
158	T	69	0.0942622950819672
159	C	1	0.001366120218579235
159	G	2	0.00273224043715847
159	T	2	0.00273224043715847
160	G	85	0.11612021857923498
161	C	2	0.00273224043715847
161	G	1	0.001366120218579235
162	C	2	0.00273224043715847
162	G	42	0.05737704918032787
162	T	20	0.0273224043715847
163	A	2	0.00273224043715847
163	G	60	0.08196721311475409
163	T	1	0.001366120218579235
164	C	3	0.004098360655737705
164	G	3	0.004098360655737705
165	A	3	0.004098360655737705
166	C	5	0.006830601092896175
166	G	3	0.004098360655737705
166	T	2	0.00273224043715847
167	C	2	0.00273224043715847
167	G	2	0.00273224043715847
168	A	3	0.004098360655737705
168	T	2	0.00273224043715847
169	A	3	0.004098360655737705
169	T	2	0.00273224043715847
170	A	1	0.001366120218579235
170	C	4	0.00546448087431694
171	A	2	0.00273224043715847
171	C	1	0.001366120218579235
171	T	3	0.004098360655737705
172	A	3	0.004098360655737705
172	T	1	0.001366120218579235
173	A	8	0.01092896174863388
174	G	593	0.8101092896174863
174	T	4	0.00546448087431694
175	A	1	0.001366120218579235
175	T	8	0.01092896174863388
176	C	2	0.00273224043715847
176	G	9	0.012295081967213115
176	T	602	0.8224043715846995
177	C	1	0.001366120218579235
177	G	624	0.8524590163934426
178	A	1	0.001366120218579235
178	T	22	0.030054644808743168
179	C	5	0.006830601092896175
179	G	11	0.015027322404371584
179	T	1	0.001366120218579235
180	A	1	0.001366120218579235
180	T	2	0.00273224043715847
181	C	3	0.004098360655737705
181	G	3	0.004098360655737705
182	A	62	0.08469945355191257
182	G	14	0.01912568306010929
182	T	1	0.001366120218579235
184	G	1	0.001366120218579235
184	T	8	0.01092896174863388
185	A	1	0.001366120218579235
185	T	61	0.08333333333333333
186	A	4	0.00546448087431694
187	G	1	0.001366120218579235
187	T	4	0.00546448087431694
188	C	23	0.031420765027322405
188	G	1	0.001366120218579235
189	A	14	0.01912568306010929
189	C	1	0.001366120218579235
189	T	1	0.001366120218579235
190	A	4	0.00546448087431694
191	C	5	0.006830601092896175
191	G	3	0.004098360655737705
191	T	1	0.001366120218579235
192	A	2	0.00273224043715847
193	A	3	0.004098360655737705
193	T	4	0.00546448087431694
194	A	1	0.001366120218579235
194	T	1	0.001366120218579235
195	A	2	0.00273224043715847
195	T	22	0.030054644808743168
196	A	1	0.001366120218579235
196	C	5	0.006830601092896175
196	G	8	0.01092896174863388
197	C	40	0.0546448087431694
197	T	3	0.004098360655737705
198	C	53	0.07240437158469945
198	G	15	0.020491803278688523
199	C	5	0.006830601092896175
199	G	5	0.006830601092896175
200	C	1	0.001366120218579235
200	G	582	0.7950819672131147
201	A	2	0.00273224043715847
201	C	3	0.004098360655737705
201	T	2	0.00273224043715847
202	A	2	0.00273224043715847
202	C	1	0.001366120218579235
202	T	2	0.00273224043715847
203	A	1	0.001366120218579235
203	T	2	0.00273224043715847
204	C	1	0.001366120218579235
204	G	6	0.00819672131147541
205	A	2	0.00273224043715847
205	T	1	0.001366120218579235
206	C	4	0.00546448087431694
206	G	1	0.001366120218579235
206	T	1	0.001366120218579235
207	A	1	0.001366120218579235
207	C	2	0.00273224043715847
208	A	1	0.001366120218579235
208	C	2	0.00273224043715847
208	G	1	0.001366120218579235
209	A	5	0.006830601092896175
209	T	3	0.004098360655737705
210	C	4	0.00546448087431694
210	G	4	0.00546448087431694
211	A	1	0.001366120218579235
211	G	21	0.028688524590163935
211	T	17	0.023224043715846996
212	A	1	0.001366120218579235
212	G	7	0.009562841530054645
212	T	1	0.001366120218579235
213	C	3	0.004098360655737705
213	G	2	0.00273224043715847
213	T	1	0.001366120218579235
214	A	1	0.001366120218579235
214	C	3	0.004098360655737705
215	G	7	0.009562841530054645
215	T	2	0.00273224043715847
216	A	3	0.004098360655737705
216	C	7	0.009562841530054645
216	G	4	0.00546448087431694
217	A	3	0.004098360655737705
217	T	2	0.00273224043715847
218	C	1	0.001366120218579235
218	G	3	0.004098360655737705
219	C	4	0.00546448087431694
219	G	2	0.00273224043715847
219	T	2	0.00273224043715847
220	A	2	0.00273224043715847
220	C	1	0.001366120218579235
220	T	1	0.001366120218579235
221	C	12	0.01639344262295082
221	G	5	0.006830601092896175
222	A	1	0.001366120218579235
222	C	1	0.001366120218579235
223	C	1	0.001366120218579235
223	G	3	0.004098360655737705
223	T	1	0.001366120218579235
224	A	1	0.001366120218579235
224	C	1	0.001366120218579235
224	G	2	0.00273224043715847
225	A	3	0.004098360655737705
225	C	1	0.001366120218579235
225	T	1	0.001366120218579235
226	C	1	0.001366120218579235
226	G	2	0.00273224043715847
227	A	13	0.017759562841530054
227	C	22	0.030054644808743168
228	A	1	0.001366120218579235
229	A	2	0.00273224043715847
230	C	1	0.001366120218579235
230	G	2	0.00273224043715847
231	C	1	0.001366120218579235
231	G	1	0.001366120218579235
232	C	3	0.004098360655737705
232	G	10	0.01366120218579235
233	C	1	0.001366120218579235
233	G	26	0.03551912568306011
233	T	11	0.015027322404371584
234	C	2	0.00273224043715847
234	T	1	0.001366120218579235
235	C	6	0.00819672131147541
235	G	3	0.004098360655737705
235	T	1	0.001366120218579235
236	A	3	0.004098360655737705
236	T	9	0.012295081967213115
237	C	1	0.001366120218579235
237	G	1	0.001366120218579235
238	A	3	0.004098360655737705
238	T	15	0.020491803278688523
239	A	2	0.00273224043715847
239	C	17	0.023224043715846996
239	T	4	0.00546448087431694
240	A	1	0.001366120218579235
240	T	3	0.004098360655737705
241	A	1	0.001366120218579235
241	C	4	0.00546448087431694
241	G	3	0.004098360655737705
242	A	15	0.020491803278688523
242	T	22	0.030054644808743168
243	A	1	0.001366120218579235
243	C	2	0.00273224043715847
243	G	1	0.001366120218579235
244	C	1	0.001366120218579235
244	G	1	0.001366120218579235
244	T	9	0.012295081967213115
245	A	7	0.009562841530054645
245	C	11	0.015027322404371584
245	G	3	0.004098360655737705
246	T	20	0.0273224043715847
247	A	1	0.001366120218579235
247	C	5	0.006830601092896175
247	G	1	0.001366120218579235
248	A	1	0.001366120218579235
248	C	1	0.001366120218579235
249	A	2	0.00273224043715847
249	G	19	0.025956284153005466
249	T	9	0.012295081967213115
251	C	1	0.001366120218579235
251	G	3	0.004098360655737705
251	T	1	0.001366120218579235
252	C	2	0.00273224043715847
252	G	1	0.001366120218579235
253	C	2	0.00273224043715847
253	G	2	0.00273224043715847
254	A	1	0.001366120218579235
254	T	4	0.00546448087431694
255	C	1	0.001366120218579235
255	G	7	0.009562841530054645
256	C	2	0.00273224043715847
256	G	22	0.030054644808743168
257	A	4	0.00546448087431694
257	T	1	0.001366120218579235
258	C	61	0.08333333333333333
258	T	1	0.001366120218579235
259	A	4	0.00546448087431694
259	C	19	0.025956284153005466
259	T	1	0.001366120218579235
260	A	8	0.01092896174863388
260	T	7	0.009562841530054645
261	A	2	0.00273224043715847
261	G	1	0.001366120218579235
261	T	2	0.00273224043715847
262	C	2	0.00273224043715847
262	G	1	0.001366120218579235
263	A	2	0.00273224043715847
264	G	1	0.001366120218579235
265	C	9	0.012295081967213115
266	C	1	0.001366120218579235
266	G	3	0.004098360655737705
267	C	3	0.004098360655737705
267	G	14	0.01912568306010929
267	T	15	0.020491803278688523
268	A	14	0.01912568306010929
268	T	45	0.06147540983606557
269	T	2	0.00273224043715847
270	A	3	0.004098360655737705
270	T	1	0.001366120218579235
271	G	2	0.00273224043715847
272	A	3	0.004098360655737705
272	C	30	0.040983606557377046
272	T	1	0.001366120218579235
273	A	1	0.001366120218579235
273	T	2	0.00273224043715847
274	G	4	0.00546448087431694
275	A	3	0.004098360655737705
275	T	1	0.001366120218579235
276	C	2	0.00273224043715847
276	G	5	0.006830601092896175
276	T	2	0.00273224043715847
277	A	4	0.00546448087431694
277	T	1	0.001366120218579235
278	G	3	0.004098360655737705
279	A	4	0.00546448087431694
279	T	2	0.00273224043715847
280	A	2	0.00273224043715847
280	T	1	0.001366120218579235
281	G	1	0.001366120218579235
281	T	1	0.001366120218579235
282	A	31	0.04234972677595628
282	C	13	0.017759562841530054
282	T	1	0.001366120218579235
283	C	3	0.004098360655737705
284	A	59	0.08060109289617487
284	C	22	0.030054644808743168
284	T	2	0.00273224043715847
285	C	3	0.004098360655737705
287	G	1	0.001366120218579235
288	C	2	0.00273224043715847
288	G	2	0.00273224043715847
289	C	2	0.00273224043715847
289	G	1	0.001366120218579235
289	T	593	0.8101092896174863
290	T	20	0.0273224043715847
291	C	3	0.004098360655737705
292	A	3	0.004098360655737705
293	A	3	0.004098360655737705
293	C	9	0.012295081967213115
293	G	1	0.001366120218579235
294	G	15	0.020491803278688523
294	T	20	0.0273224043715847
295	G	2	0.00273224043715847
295	T	1	0.001366120218579235
296	A	2	0.00273224043715847
296	T	3	0.004098360655737705
