Position	Nucleotide	Multiplicity	Frequency
50	G	2	0.0026490066225165563
53	A	1	0.0013245033112582781
54	C	8	0.010596026490066225
54	G	4	0.005298013245033113
55	C	11	0.01456953642384106
55	G	3	0.003973509933774834
55	T	1	0.0013245033112582781
57	A	1	0.0013245033112582781
57	T	1	0.0013245033112582781
58	A	1	0.0013245033112582781
58	C	4	0.005298013245033113
59	T	1	0.0013245033112582781
60	A	1	0.0013245033112582781
60	C	5	0.006622516556291391
61	G	1	0.0013245033112582781
61	T	2	0.0026490066225165563
62	T	1	0.0013245033112582781
63	C	6	0.007947019867549669
63	G	1	0.0013245033112582781
64	A	2	0.0026490066225165563
65	G	1	0.0013245033112582781
65	T	4	0.005298013245033113
66	C	5	0.006622516556291391
66	G	1	0.0013245033112582781
66	T	1	0.0013245033112582781
67	C	2	0.0026490066225165563
67	G	14	0.018543046357615896
68	A	2	0.0026490066225165563
69	A	49	0.06490066225165562
69	C	22	0.02913907284768212
69	T	34	0.045033112582781455
70	T	1	0.0013245033112582781
71	A	19	0.025165562913907286
71	C	129	0.17086092715231788
72	C	2	0.0026490066225165563
73	A	1	0.0013245033112582781
73	T	55	0.0728476821192053
74	C	2	0.0026490066225165563
76	A	3	0.003973509933774834
76	C	1	0.0013245033112582781
76	T	2	0.0026490066225165563
77	C	5	0.006622516556291391
77	G	110	0.1456953642384106
77	T	21	0.02781456953642384
78	C	3	0.003973509933774834
78	G	12	0.015894039735099338
79	G	3	0.003973509933774834
80	A	1	0.0013245033112582781
81	G	4	0.005298013245033113
81	T	37	0.04900662251655629
82	A	19	0.025165562913907286
82	G	123	0.1629139072847682
82	T	37	0.04900662251655629
83	G	122	0.16158940397350993
83	T	50	0.06622516556291391
84	C	6	0.007947019867549669
84	G	12	0.015894039735099338
85	C	2	0.0026490066225165563
86	G	1	0.0013245033112582781
86	T	103	0.13642384105960265
87	C	1	0.0013245033112582781
87	G	19	0.025165562913907286
87	T	18	0.02384105960264901
88	A	2	0.0026490066225165563
88	G	34	0.045033112582781455
88	T	146	0.19337748344370861
89	T	129	0.17086092715231788
90	A	165	0.2185430463576159
90	C	2	0.0026490066225165563
90	T	57	0.07549668874172186
91	A	387	0.5125827814569537
91	C	98	0.12980132450331125
91	T	2	0.0026490066225165563
92	A	1	0.0013245033112582781
92	T	54	0.07152317880794702
93	A	185	0.24503311258278146
93	C	77	0.10198675496688742
93	G	1	0.0013245033112582781
94	C	20	0.026490066225165563
94	G	1	0.0013245033112582781
94	T	18	0.02384105960264901
95	A	2	0.0026490066225165563
95	G	35	0.046357615894039736
95	T	27	0.03576158940397351
96	C	2	0.0026490066225165563
96	G	18	0.02384105960264901
97	C	4	0.005298013245033113
97	G	20	0.026490066225165563
97	T	139	0.18410596026490067
98	C	71	0.09403973509933775
99	C	54	0.07152317880794702
99	T	72	0.09536423841059603
100	C	2	0.0026490066225165563
101	A	353	0.4675496688741722
101	C	160	0.2119205298013245
101	T	22	0.02913907284768212
102	G	18	0.02384105960264901
103	C	17	0.022516556291390728
103	G	2	0.0026490066225165563
103	T	1	0.0013245033112582781
104	T	51	0.06754966887417219
105	C	2	0.0026490066225165563
105	G	1	0.0013245033112582781
106	A	2	0.0026490066225165563
108	C	12	0.015894039735099338
109	C	14	0.018543046357615896
109	G	1	0.0013245033112582781
110	A	35	0.046357615894039736
110	C	1	0.0013245033112582781
110	T	2	0.0026490066225165563
112	A	1	0.0013245033112582781
112	C	1	0.0013245033112582781
112	T	1	0.0013245033112582781
113	C	2	0.0026490066225165563
113	G	22	0.02913907284768212
113	T	2	0.0026490066225165563
114	T	1	0.0013245033112582781
115	C	2	0.0026490066225165563
115	G	2	0.0026490066225165563
116	A	1	0.0013245033112582781
116	C	1	0.0013245033112582781
116	T	2	0.0026490066225165563
117	A	5	0.006622516556291391
117	C	3	0.003973509933774834
117	T	3	0.003973509933774834
119	A	1	0.0013245033112582781
119	G	29	0.038410596026490065
119	T	3	0.003973509933774834
120	A	2	0.0026490066225165563
120	T	1	0.0013245033112582781
122	A	32	0.0423841059602649
122	C	7	0.009271523178807948
123	A	1	0.0013245033112582781
123	T	1	0.0013245033112582781
124	A	1	0.0013245033112582781
124	C	1	0.0013245033112582781
125	C	25	0.033112582781456956
125	G	2	0.0026490066225165563
125	T	15	0.019867549668874173
126	A	1	0.0013245033112582781
126	G	19	0.025165562913907286
127	G	1	0.0013245033112582781
128	C	4	0.005298013245033113
128	G	71	0.09403973509933775
129	A	2	0.0026490066225165563
129	C	1	0.0013245033112582781
130	A	2	0.0026490066225165563
131	A	71	0.09403973509933775
131	C	220	0.2913907284768212
131	T	18	0.02384105960264901
132	A	4	0.005298013245033113
132	T	71	0.09403973509933775
133	C	1	0.0013245033112582781
134	C	1	0.0013245033112582781
134	G	1	0.0013245033112582781
135	A	1	0.0013245033112582781
135	C	1	0.0013245033112582781
136	C	4	0.005298013245033113
136	G	2	0.0026490066225165563
137	A	2	0.0026490066225165563
137	C	20	0.026490066225165563
137	T	3	0.003973509933774834
138	C	1	0.0013245033112582781
138	G	1	0.0013245033112582781
139	A	1	0.0013245033112582781
139	C	1	0.0013245033112582781
140	A	3	0.003973509933774834
141	C	5	0.006622516556291391
141	G	89	0.11788079470198676
141	T	38	0.05033112582781457
142	C	2	0.0026490066225165563
143	T	1	0.0013245033112582781
145	A	2	0.0026490066225165563
145	C	5	0.006622516556291391
145	T	1	0.0013245033112582781
146	C	3	0.003973509933774834
146	G	90	0.11920529801324503
146	T	29	0.038410596026490065
147	A	72	0.09536423841059603
147	C	1	0.0013245033112582781
147	G	2	0.0026490066225165563
147	T	3	0.003973509933774834
148	A	11	0.01456953642384106
148	C	2	0.0026490066225165563
148	T	18	0.02384105960264901
149	A	19	0.025165562913907286
149	C	14	0.018543046357615896
149	T	1	0.0013245033112582781
150	C	20	0.026490066225165563
150	G	38	0.05033112582781457
151	A	3	0.003973509933774834
151	C	6	0.007947019867549669
151	G	3	0.003973509933774834
152	A	1	0.0013245033112582781
152	G	3	0.003973509933774834
152	T	1	0.0013245033112582781
153	C	2	0.0026490066225165563
153	G	52	0.06887417218543046
154	G	42	0.05562913907284768
154	T	1	0.0013245033112582781
155	A	13	0.017218543046357615
155	T	37	0.04900662251655629
156	A	1	0.0013245033112582781
156	G	13	0.017218543046357615
156	T	38	0.05033112582781457
157	A	2	0.0026490066225165563
157	G	2	0.0026490066225165563
157	T	18	0.02384105960264901
158	A	1	0.0013245033112582781
158	C	34	0.045033112582781455
159	C	23	0.030463576158940398
159	G	275	0.36423841059602646
159	T	2	0.0026490066225165563
160	C	3	0.003973509933774834
160	G	83	0.10993377483443709
160	T	2	0.0026490066225165563
161	A	37	0.04900662251655629
161	G	63	0.08344370860927153
161	T	218	0.28874172185430463
162	C	2	0.0026490066225165563
162	G	19	0.025165562913907286
163	A	21	0.02781456953642384
163	C	179	0.2370860927152318
164	A	72	0.09536423841059603
164	C	20	0.026490066225165563
165	A	36	0.04768211920529802
165	T	16	0.02119205298013245
166	A	38	0.05033112582781457
166	C	36	0.04768211920529802
167	A	19	0.025165562913907286
167	C	7	0.009271523178807948
167	G	1	0.0013245033112582781
168	A	21	0.02781456953642384
168	T	32	0.0423841059602649
169	A	113	0.14966887417218544
169	C	86	0.11390728476821192
169	T	89	0.11788079470198676
170	A	4	0.005298013245033113
170	T	1	0.0013245033112582781
171	C	3	0.003973509933774834
171	G	6	0.007947019867549669
172	G	18	0.02384105960264901
173	C	4	0.005298013245033113
173	G	3	0.003973509933774834
174	C	32	0.0423841059602649
174	G	79	0.10463576158940398
174	T	28	0.03708609271523179
175	C	98	0.12980132450331125
175	G	112	0.14834437086092717
175	T	60	0.07947019867549669
176	A	2	0.0026490066225165563
176	G	48	0.06357615894039735
176	T	114	0.1509933774834437
177	C	45	0.059602649006622516
177	G	20	0.026490066225165563
178	C	51	0.06754966887417219
178	T	39	0.051655629139072845
179	C	38	0.05033112582781457
180	A	4	0.005298013245033113
180	C	37	0.04900662251655629
180	T	15	0.019867549668874173
181	A	39	0.051655629139072845
181	G	1	0.0013245033112582781
181	T	9	0.011920529801324504
182	C	4	0.005298013245033113
182	G	3	0.003973509933774834
182	T	1	0.0013245033112582781
183	G	16	0.02119205298013245
184	C	2	0.0026490066225165563
184	G	20	0.026490066225165563
185	A	5	0.006622516556291391
185	C	11	0.01456953642384106
186	G	29	0.038410596026490065
187	C	9	0.011920529801324504
187	G	2	0.0026490066225165563
187	T	28	0.03708609271523179
188	A	113	0.14966887417218544
188	C	91	0.1205298013245033
188	T	2	0.0026490066225165563
189	C	4	0.005298013245033113
189	G	1	0.0013245033112582781
190	A	2	0.0026490066225165563
190	C	1	0.0013245033112582781
191	C	21	0.02781456953642384
192	A	2	0.0026490066225165563
192	G	5	0.006622516556291391
192	T	3	0.003973509933774834
193	C	5	0.006622516556291391
193	G	54	0.07152317880794702
193	T	66	0.08741721854304636
194	T	1	0.0013245033112582781
195	A	2	0.0026490066225165563
195	C	1	0.0013245033112582781
196	A	38	0.05033112582781457
196	T	4	0.005298013245033113
197	A	1	0.0013245033112582781
197	G	2	0.0026490066225165563
197	T	2	0.0026490066225165563
198	C	7	0.009271523178807948
198	G	1	0.0013245033112582781
198	T	1	0.0013245033112582781
199	T	3	0.003973509933774834
200	A	20	0.026490066225165563
200	T	1	0.0013245033112582781
201	A	4	0.005298013245033113
201	C	1	0.0013245033112582781
201	T	1	0.0013245033112582781
202	A	2	0.0026490066225165563
202	C	6	0.007947019867549669
202	G	1	0.0013245033112582781
203	A	3	0.003973509933774834
203	T	1	0.0013245033112582781
204	C	2	0.0026490066225165563
204	G	3	0.003973509933774834
204	T	33	0.04370860927152318
205	A	2	0.0026490066225165563
205	G	35	0.046357615894039736
205	T	108	0.14304635761589404
206	A	1	0.0013245033112582781
206	T	142	0.1880794701986755
207	C	37	0.04900662251655629
207	G	28	0.03708609271523179
207	T	35	0.046357615894039736
208	C	1	0.0013245033112582781
208	T	2	0.0026490066225165563
209	A	1	0.0013245033112582781
209	G	2	0.0026490066225165563
209	T	2	0.0026490066225165563
210	C	2	0.0026490066225165563
210	G	37	0.04900662251655629
211	A	3	0.003973509933774834
211	G	40	0.052980132450331126
212	T	2	0.0026490066225165563
213	C	19	0.025165562913907286
213	G	129	0.17086092715231788
214	A	15	0.019867549668874173
214	C	82	0.10860927152317881
214	T	21	0.02781456953642384
215	A	20	0.026490066225165563
215	C	20	0.026490066225165563
215	T	2	0.0026490066225165563
216	A	1	0.0013245033112582781
216	T	20	0.026490066225165563
217	C	4	0.005298013245033113
217	G	3	0.003973509933774834
217	T	28	0.03708609271523179
218	A	6	0.007947019867549669
218	T	2	0.0026490066225165563
219	C	7	0.009271523178807948
219	G	3	0.003973509933774834
220	A	4	0.005298013245033113
220	G	19	0.025165562913907286
220	T	1	0.0013245033112582781
221	A	28	0.03708609271523179
221	C	2	0.0026490066225165563
222	A	1	0.0013245033112582781
222	C	6	0.007947019867549669
222	G	12	0.015894039735099338
223	A	1	0.0013245033112582781
223	G	1	0.0013245033112582781
223	T	1	0.0013245033112582781
224	A	4	0.005298013245033113
224	G	1	0.0013245033112582781
224	T	43	0.05695364238410596
225	C	60	0.07947019867549669
225	G	3	0.003973509933774834
225	T	4	0.005298013245033113
226	A	1	0.0013245033112582781
226	C	42	0.05562913907284768
227	A	7	0.009271523178807948
227	G	36	0.04768211920529802
227	T	44	0.05827814569536424
228	C	27	0.03576158940397351
228	G	58	0.07682119205298013
228	T	1	0.0013245033112582781
229	A	128	0.1695364238410596
229	C	17	0.022516556291390728
229	T	1	0.0013245033112582781
230	A	3	0.003973509933774834
230	G	106	0.1403973509933775
230	T	60	0.07947019867549669
231	C	10	0.013245033112582781
231	G	15	0.019867549668874173
231	T	1	0.0013245033112582781
232	A	2	0.0026490066225165563
232	T	20	0.026490066225165563
233	C	12	0.015894039735099338
233	G	30	0.039735099337748346
233	T	1	0.0013245033112582781
234	A	42	0.05562913907284768
234	T	2	0.0026490066225165563
235	A	2	0.0026490066225165563
235	G	13	0.017218543046357615
235	T	85	0.11258278145695365
236	A	3	0.003973509933774834
236	G	6	0.007947019867549669
236	T	60	0.07947019867549669
237	A	2	0.0026490066225165563
237	C	20	0.026490066225165563
237	G	18	0.02384105960264901
238	C	13	0.017218543046357615
238	G	1	0.0013245033112582781
238	T	84	0.11125827814569536
239	A	1	0.0013245033112582781
239	T	89	0.11788079470198676
240	C	36	0.04768211920529802
240	G	22	0.02913907284768212
241	A	1	0.0013245033112582781
241	C	1	0.0013245033112582781
242	A	1	0.0013245033112582781
242	T	1	0.0013245033112582781
243	A	1	0.0013245033112582781
243	T	1	0.0013245033112582781
244	C	5	0.006622516556291391
244	G	6	0.007947019867549669
245	A	90	0.11920529801324503
245	C	74	0.09801324503311258
246	A	12	0.015894039735099338
246	G	57	0.07549668874172186
246	T	101	0.1337748344370861
247	A	1	0.0013245033112582781
247	C	2	0.0026490066225165563
248	A	40	0.052980132450331126
248	C	157	0.20794701986754968
248	T	1	0.0013245033112582781
249	C	1	0.0013245033112582781
249	G	3	0.003973509933774834
249	T	1	0.0013245033112582781
250	A	203	0.26887417218543047
250	C	65	0.08609271523178808
250	T	18	0.02384105960264901
251	A	1	0.0013245033112582781
251	G	30	0.039735099337748346
251	T	141	0.18675496688741722
252	C	2	0.0026490066225165563
252	G	21	0.02781456953642384
253	A	3	0.003973509933774834
254	A	156	0.20662251655629138
254	C	70	0.09271523178807947
254	T	121	0.16026490066225166
255	T	35	0.046357615894039736
256	A	1	0.0013245033112582781
256	C	4	0.005298013245033113
257	A	2	0.0026490066225165563
257	C	54	0.07152317880794702
257	T	1	0.0013245033112582781
258	C	35	0.046357615894039736
258	G	25	0.033112582781456956
259	A	125	0.16556291390728478
259	C	205	0.271523178807947
260	C	21	0.02781456953642384
260	G	6	0.007947019867549669
260	T	13	0.017218543046357615
261	C	11	0.01456953642384106
261	G	3	0.003973509933774834
262	A	18	0.02384105960264901
262	T	1	0.0013245033112582781
263	C	4	0.005298013245033113
263	G	1	0.0013245033112582781
264	A	1	0.0013245033112582781
264	T	2	0.0026490066225165563
265	C	1	0.0013245033112582781
265	G	3	0.003973509933774834
265	T	1	0.0013245033112582781
266	A	1	0.0013245033112582781
267	A	1	0.0013245033112582781
268	C	5	0.006622516556291391
268	G	38	0.05033112582781457
269	A	8	0.010596026490066225
270	C	8	0.010596026490066225
270	G	3	0.003973509933774834
270	T	27	0.03576158940397351
271	T	2	0.0026490066225165563
272	A	1	0.0013245033112582781
272	T	1	0.0013245033112582781
273	A	2	0.0026490066225165563
273	T	2	0.0026490066225165563
274	A	1	0.0013245033112582781
274	C	20	0.026490066225165563
275	G	1	0.0013245033112582781
275	T	4	0.005298013245033113
276	A	169	0.223841059602649
276	C	66	0.08741721854304636
276	T	35	0.046357615894039736
277	C	29	0.038410596026490065
278	A	134	0.17748344370860927
278	C	71	0.09403973509933775
278	T	96	0.1271523178807947
279	C	2	0.0026490066225165563
279	G	1	0.0013245033112582781
280	C	2	0.0026490066225165563
280	G	2	0.0026490066225165563
280	T	53	0.07019867549668875
281	A	1	0.0013245033112582781
281	C	22	0.02913907284768212
282	C	1	0.0013245033112582781
282	G	1	0.0013245033112582781
283	C	5	0.006622516556291391
283	G	5	0.006622516556291391
283	T	144	0.19072847682119207
284	A	2	0.0026490066225165563
284	T	250	0.33112582781456956
285	C	3	0.003973509933774834
285	G	2	0.0026490066225165563
287	A	2	0.0026490066225165563
287	C	17	0.022516556291390728
287	G	1	0.0013245033112582781
288	A	24	0.031788079470198675
288	T	2	0.0026490066225165563
289	T	4	0.005298013245033113
290	A	1	0.0013245033112582781
290	C	5	0.006622516556291391
290	T	1	0.0013245033112582781
