Position	Nucleotide	Multiplicity	Frequency
68	G	21	0.9545454545454546
70	T	21	0.9545454545454546
78	C	1	0.045454545454545456
88	A	6	0.2727272727272727
89	A	1	0.045454545454545456
90	G	1	0.045454545454545456
91	A	1	0.045454545454545456
92	T	12	0.5454545454545454
94	T	8	0.36363636363636365
95	C	12	0.5454545454545454
97	G	2	0.09090909090909091
108	A	1	0.045454545454545456
116	A	1	0.045454545454545456
119	C	1	0.045454545454545456
125	T	12	0.5454545454545454
135	C	12	0.5454545454545454
138	C	1	0.045454545454545456
139	T	8	0.36363636363636365
140	C	1	0.045454545454545456
144	G	2	0.09090909090909091
145	T	1	0.045454545454545456
148	T	1	0.045454545454545456
152	A	1	0.045454545454545456
152	C	5	0.22727272727272727
153	T	9	0.4090909090909091
154	A	9	0.4090909090909091
156	G	2	0.09090909090909091
156	T	1	0.045454545454545456
157	A	7	0.3181818181818182
160	G	1	0.045454545454545456
161	C	14	0.6363636363636364
164	C	2	0.09090909090909091
165	A	2	0.09090909090909091
166	T	12	0.5454545454545454
167	C	2	0.09090909090909091
169	C	22	1.0
173	G	2	0.09090909090909091
174	A	9	0.4090909090909091
174	G	12	0.5454545454545454
175	C	1	0.045454545454545456
175	T	1	0.045454545454545456
182	G	9	0.4090909090909091
192	G	14	0.6363636363636364
193	G	2	0.09090909090909091
210	C	1	0.045454545454545456
215	G	2	0.09090909090909091
221	C	9	0.4090909090909091
229	C	2	0.09090909090909091
233	A	3	0.13636363636363635
236	A	2	0.09090909090909091
237	G	1	0.045454545454545456
239	G	2	0.09090909090909091
240	C	22	1.0
250	A	1	0.045454545454545456
251	G	6	0.2727272727272727
254	G	1	0.045454545454545456
261	C	21	0.9545454545454546
265	C	1	0.045454545454545456
265	G	1	0.045454545454545456
266	A	1	0.045454545454545456
272	T	1	0.045454545454545456
275	C	1	0.045454545454545456
278	A	4	0.18181818181818182
278	C	5	0.22727272727272727
281	C	19	0.8636363636363636
289	C	1	0.045454545454545456
