Position	Nucleotide	Multiplicity	Frequency
52	C	1	0.007142857142857143
55	A	140	1.0
60	C	1	0.007142857142857143
62	T	1	0.007142857142857143
64	T	1	0.007142857142857143
65	C	27	0.19285714285714287
66	C	29	0.20714285714285716
68	T	3	0.02142857142857143
69	A	1	0.007142857142857143
70	A	1	0.007142857142857143
70	C	5	0.03571428571428571
71	C	25	0.17857142857142858
72	C	1	0.007142857142857143
74	C	1	0.007142857142857143
75	C	2	0.014285714285714285
76	C	20	0.14285714285714285
78	C	1	0.007142857142857143
78	G	1	0.007142857142857143
79	C	6	0.04285714285714286
79	G	1	0.007142857142857143
80	T	41	0.29285714285714287
82	A	91	0.65
82	C	23	0.16428571428571428
83	G	25	0.17857142857142858
83	T	23	0.16428571428571428
84	C	1	0.007142857142857143
85	C	1	0.007142857142857143
85	G	1	0.007142857142857143
86	C	4	0.02857142857142857
87	G	1	0.007142857142857143
88	G	20	0.14285714285714285
91	A	73	0.5214285714285715
91	C	20	0.14285714285714285
92	T	40	0.2857142857142857
94	T	4	0.02857142857142857
97	T	4	0.02857142857142857
98	A	1	0.007142857142857143
98	C	20	0.14285714285714285
98	T	5	0.03571428571428571
99	G	29	0.20714285714285716
102	G	2	0.014285714285714285
103	A	55	0.39285714285714285
105	C	1	0.007142857142857143
109	C	1	0.007142857142857143
110	C	25	0.17857142857142858
110	T	1	0.007142857142857143
115	C	1	0.007142857142857143
116	A	1	0.007142857142857143
117	C	26	0.18571428571428572
119	C	1	0.007142857142857143
120	A	1	0.007142857142857143
126	G	1	0.007142857142857143
127	G	3	0.02142857142857143
128	G	1	0.007142857142857143
132	A	1	0.007142857142857143
136	C	1	0.007142857142857143
138	C	1	0.007142857142857143
139	A	1	0.007142857142857143
141	C	1	0.007142857142857143
141	G	1	0.007142857142857143
142	C	1	0.007142857142857143
142	G	1	0.007142857142857143
145	T	2	0.014285714285714285
146	A	4	0.02857142857142857
146	C	20	0.14285714285714285
146	T	25	0.17857142857142858
147	C	2	0.014285714285714285
147	G	1	0.007142857142857143
148	T	20	0.14285714285714285
149	A	29	0.20714285714285716
150	G	1	0.007142857142857143
151	C	1	0.007142857142857143
153	T	2	0.014285714285714285
155	C	27	0.19285714285714287
156	T	1	0.007142857142857143
157	A	1	0.007142857142857143
158	G	1	0.007142857142857143
159	C	1	0.007142857142857143
159	G	64	0.45714285714285713
159	T	1	0.007142857142857143
160	A	66	0.4714285714285714
160	T	1	0.007142857142857143
161	A	42	0.3
161	C	1	0.007142857142857143
161	G	23	0.16428571428571428
162	A	2	0.014285714285714285
164	A	1	0.007142857142857143
164	T	23	0.16428571428571428
165	C	2	0.014285714285714285
167	C	2	0.014285714285714285
167	G	23	0.16428571428571428
168	C	1	0.007142857142857143
169	G	1	0.007142857142857143
170	C	65	0.4642857142857143
171	C	1	0.007142857142857143
172	T	25	0.17857142857142858
174	G	6	0.04285714285714286
176	A	20	0.14285714285714285
176	T	23	0.16428571428571428
181	A	3	0.02142857142857143
181	C	1	0.007142857142857143
182	T	28	0.2
183	A	2	0.014285714285714285
184	T	2	0.014285714285714285
187	A	1	0.007142857142857143
192	A	39	0.2785714285714286
192	T	1	0.007142857142857143
193	G	48	0.34285714285714286
194	C	1	0.007142857142857143
194	G	1	0.007142857142857143
196	A	1	0.007142857142857143
199	G	2	0.014285714285714285
202	C	1	0.007142857142857143
202	G	1	0.007142857142857143
203	A	1	0.007142857142857143
203	T	1	0.007142857142857143
204	G	2	0.014285714285714285
205	A	1	0.007142857142857143
206	A	1	0.007142857142857143
207	C	2	0.014285714285714285
207	G	1	0.007142857142857143
207	T	1	0.007142857142857143
209	A	1	0.007142857142857143
209	T	1	0.007142857142857143
210	C	2	0.014285714285714285
210	G	2	0.014285714285714285
211	A	1	0.007142857142857143
211	T	1	0.007142857142857143
212	C	2	0.014285714285714285
213	T	1	0.007142857142857143
215	C	1	0.007142857142857143
215	G	1	0.007142857142857143
217	G	2	0.014285714285714285
220	G	27	0.19285714285714287
221	T	24	0.17142857142857143
222	G	1	0.007142857142857143
223	A	1	0.007142857142857143
225	C	1	0.007142857142857143
225	G	5	0.03571428571428571
226	G	1	0.007142857142857143
227	A	1	0.007142857142857143
228	C	1	0.007142857142857143
228	G	4	0.02857142857142857
229	A	90	0.6428571428571429
229	C	25	0.17857142857142858
230	T	39	0.2785714285714286
231	C	3	0.02142857142857143
232	T	1	0.007142857142857143
235	A	1	0.007142857142857143
235	T	1	0.007142857142857143
239	T	4	0.02857142857142857
240	T	6	0.04285714285714286
242	T	3	0.02142857142857143
244	G	2	0.014285714285714285
245	A	39	0.2785714285714286
245	C	4	0.02857142857142857
247	T	3	0.02142857142857143
249	C	1	0.007142857142857143
249	G	4	0.02857142857142857
250	A	5	0.03571428571428571
251	G	1	0.007142857142857143
252	C	1	0.007142857142857143
252	G	2	0.014285714285714285
252	T	1	0.007142857142857143
255	T	1	0.007142857142857143
256	C	1	0.007142857142857143
256	G	1	0.007142857142857143
258	C	1	0.007142857142857143
258	G	39	0.2785714285714286
259	G	1	0.007142857142857143
260	T	1	0.007142857142857143
266	T	1	0.007142857142857143
268	C	2	0.014285714285714285
268	G	1	0.007142857142857143
269	A	1	0.007142857142857143
270	C	2	0.014285714285714285
273	T	3	0.02142857142857143
276	T	20	0.14285714285714285
277	A	1	0.007142857142857143
277	C	1	0.007142857142857143
277	G	1	0.007142857142857143
278	A	21	0.15
278	C	39	0.2785714285714286
279	G	1	0.007142857142857143
282	C	1	0.007142857142857143
283	G	1	0.007142857142857143
284	T	1	0.007142857142857143
285	C	1	0.007142857142857143
285	G	1	0.007142857142857143
286	A	1	0.007142857142857143
286	T	1	0.007142857142857143
287	C	1	0.007142857142857143
287	G	1	0.007142857142857143
