Position	Nucleotide	Multiplicity	Frequency
48	C	1	0.004545454545454545
51	T	1	0.004545454545454545
54	G	1	0.004545454545454545
55	G	2	0.00909090909090909
57	G	1	0.004545454545454545
58	C	2	0.00909090909090909
61	A	1	0.004545454545454545
65	C	31	0.1409090909090909
66	C	58	0.2636363636363636
67	G	1	0.004545454545454545
68	C	1	0.004545454545454545
68	T	6	0.02727272727272727
69	A	1	0.004545454545454545
70	A	1	0.004545454545454545
70	C	28	0.12727272727272726
71	C	3	0.013636363636363636
72	C	4	0.01818181818181818
73	T	19	0.08636363636363636
76	A	82	0.37272727272727274
77	G	1	0.004545454545454545
78	C	1	0.004545454545454545
79	C	7	0.031818181818181815
80	T	34	0.15454545454545454
81	C	1	0.004545454545454545
82	A	15	0.06818181818181818
82	C	38	0.17272727272727273
82	T	15	0.06818181818181818
83	A	83	0.37727272727272726
83	T	41	0.18636363636363637
84	C	1	0.004545454545454545
86	C	67	0.30454545454545456
87	C	21	0.09545454545454546
87	G	13	0.05909090909090909
88	G	19	0.08636363636363636
88	T	16	0.07272727272727272
89	T	83	0.37727272727272726
90	C	1	0.004545454545454545
90	G	37	0.16818181818181818
91	A	154	0.7
91	C	33	0.15
92	G	31	0.1409090909090909
92	T	13	0.05909090909090909
93	C	14	0.06363636363636363
94	C	21	0.09545454545454546
94	G	1	0.004545454545454545
94	T	49	0.22272727272727272
95	G	13	0.05909090909090909
95	T	19	0.08636363636363636
97	A	1	0.004545454545454545
99	G	2	0.00909090909090909
101	T	1	0.004545454545454545
102	C	1	0.004545454545454545
103	C	31	0.1409090909090909
105	C	1	0.004545454545454545
106	A	2	0.00909090909090909
107	T	1	0.004545454545454545
109	C	2	0.00909090909090909
110	C	5	0.022727272727272728
110	T	2	0.00909090909090909
111	T	1	0.004545454545454545
113	T	19	0.08636363636363636
116	C	13	0.05909090909090909
117	C	22	0.1
119	A	1	0.004545454545454545
119	C	1	0.004545454545454545
122	T	1	0.004545454545454545
123	C	1	0.004545454545454545
128	G	3	0.013636363636363636
129	T	1	0.004545454545454545
132	T	1	0.004545454545454545
133	C	1	0.004545454545454545
134	A	34	0.15454545454545454
134	C	13	0.05909090909090909
134	T	1	0.004545454545454545
135	A	1	0.004545454545454545
136	C	1	0.004545454545454545
136	G	1	0.004545454545454545
138	C	1	0.004545454545454545
139	T	1	0.004545454545454545
141	C	2	0.00909090909090909
141	G	5	0.022727272727272728
144	C	1	0.004545454545454545
145	A	2	0.00909090909090909
146	A	21	0.09545454545454546
146	C	83	0.37727272727272726
146	T	20	0.09090909090909091
147	G	1	0.004545454545454545
148	G	1	0.004545454545454545
149	A	2	0.00909090909090909
149	G	82	0.37272727272727274
150	G	83	0.37727272727272726
150	T	6	0.02727272727272727
152	A	2	0.00909090909090909
152	G	19	0.08636363636363636
152	T	1	0.004545454545454545
153	C	1	0.004545454545454545
154	G	1	0.004545454545454545
154	T	74	0.33636363636363636
156	A	2	0.00909090909090909
157	T	2	0.00909090909090909
158	C	2	0.00909090909090909
159	A	2	0.00909090909090909
159	T	1	0.004545454545454545
160	A	19	0.08636363636363636
160	T	12	0.05454545454545454
161	C	1	0.004545454545454545
162	T	1	0.004545454545454545
163	C	1	0.004545454545454545
164	A	1	0.004545454545454545
164	T	1	0.004545454545454545
165	A	1	0.004545454545454545
166	T	2	0.00909090909090909
167	C	36	0.16363636363636364
168	A	2	0.00909090909090909
168	T	1	0.004545454545454545
169	G	1	0.004545454545454545
170	A	81	0.36818181818181817
170	C	15	0.06818181818181818
170	G	21	0.09545454545454546
171	G	3	0.013636363636363636
171	T	2	0.00909090909090909
172	G	1	0.004545454545454545
173	G	19	0.08636363636363636
173	T	2	0.00909090909090909
174	G	1	0.004545454545454545
175	A	3	0.013636363636363636
175	C	2	0.00909090909090909
176	C	34	0.15454545454545454
176	G	2	0.00909090909090909
177	A	1	0.004545454545454545
178	C	1	0.004545454545454545
178	G	1	0.004545454545454545
179	T	30	0.13636363636363635
180	G	20	0.09090909090909091
181	A	1	0.004545454545454545
181	C	1	0.004545454545454545
182	T	33	0.15
183	A	1	0.004545454545454545
185	T	1	0.004545454545454545
186	C	20	0.09090909090909091
188	A	1	0.004545454545454545
189	C	1	0.004545454545454545
190	C	1	0.004545454545454545
190	G	1	0.004545454545454545
192	G	19	0.08636363636363636
194	G	1	0.004545454545454545
196	A	19	0.08636363636363636
196	T	1	0.004545454545454545
197	T	20	0.09090909090909091
198	A	1	0.004545454545454545
199	C	1	0.004545454545454545
199	G	20	0.09090909090909091
201	T	1	0.004545454545454545
204	C	1	0.004545454545454545
204	T	19	0.08636363636363636
206	A	1	0.004545454545454545
207	C	35	0.1590909090909091
207	G	49	0.22272727272727272
207	T	13	0.05909090909090909
208	C	2	0.00909090909090909
209	G	10	0.045454545454545456
209	T	21	0.09545454545454546
210	C	4	0.01818181818181818
210	G	2	0.00909090909090909
211	A	1	0.004545454545454545
212	C	3	0.013636363636363636
212	G	14	0.06363636363636363
213	C	1	0.004545454545454545
213	T	1	0.004545454545454545
214	A	1	0.004545454545454545
214	T	108	0.4909090909090909
215	T	2	0.00909090909090909
217	C	1	0.004545454545454545
217	G	1	0.004545454545454545
218	T	13	0.05909090909090909
219	C	21	0.09545454545454546
220	C	18	0.08181818181818182
220	G	18	0.08181818181818182
221	A	19	0.08636363636363636
222	A	1	0.004545454545454545
222	C	1	0.004545454545454545
223	T	1	0.004545454545454545
224	A	1	0.004545454545454545
225	C	1	0.004545454545454545
225	G	13	0.05909090909090909
226	C	1	0.004545454545454545
226	G	13	0.05909090909090909
227	A	18	0.08181818181818182
228	C	83	0.37727272727272726
228	G	20	0.09090909090909091
229	A	21	0.09545454545454546
229	C	31	0.1409090909090909
229	T	1	0.004545454545454545
230	A	15	0.06818181818181818
230	G	21	0.09545454545454546
230	T	1	0.004545454545454545
231	C	3	0.013636363636363636
232	T	1	0.004545454545454545
233	A	15	0.06818181818181818
233	T	1	0.004545454545454545
234	A	19	0.08636363636363636
236	G	1	0.004545454545454545
236	T	19	0.08636363636363636
237	C	1	0.004545454545454545
238	C	1	0.004545454545454545
238	G	1	0.004545454545454545
238	T	6	0.02727272727272727
239	A	1	0.004545454545454545
240	G	19	0.08636363636363636
241	A	1	0.004545454545454545
242	C	13	0.05909090909090909
242	T	38	0.17272727272727273
243	A	2	0.00909090909090909
243	T	1	0.004545454545454545
244	C	1	0.004545454545454545
245	T	19	0.08636363636363636
247	A	1	0.004545454545454545
247	T	1	0.004545454545454545
248	A	1	0.004545454545454545
249	C	2	0.00909090909090909
249	G	2	0.00909090909090909
250	A	41	0.18636363636363637
251	T	1	0.004545454545454545
252	C	1	0.004545454545454545
253	A	19	0.08636363636363636
253	C	1	0.004545454545454545
254	T	2	0.00909090909090909
255	T	1	0.004545454545454545
256	C	2	0.00909090909090909
257	A	13	0.05909090909090909
257	T	1	0.004545454545454545
258	C	28	0.12727272727272726
258	G	1	0.004545454545454545
259	G	85	0.38636363636363635
261	T	5	0.022727272727272728
263	A	1	0.004545454545454545
264	C	1	0.004545454545454545
264	G	2	0.00909090909090909
265	T	1	0.004545454545454545
266	A	1	0.004545454545454545
268	G	2	0.00909090909090909
270	C	1	0.004545454545454545
270	G	2	0.00909090909090909
271	G	13	0.05909090909090909
271	T	1	0.004545454545454545
272	T	1	0.004545454545454545
273	A	1	0.004545454545454545
274	G	1	0.004545454545454545
275	A	2	0.00909090909090909
277	A	1	0.004545454545454545
277	C	16	0.07272727272727272
278	C	14	0.06363636363636363
278	T	14	0.06363636363636363
279	G	1	0.004545454545454545
281	G	1	0.004545454545454545
282	C	1	0.004545454545454545
282	G	2	0.00909090909090909
283	C	1	0.004545454545454545
283	G	1	0.004545454545454545
284	G	1	0.004545454545454545
284	T	18	0.08181818181818182
285	G	1	0.004545454545454545
286	T	1	0.004545454545454545
288	T	1	0.004545454545454545
289	T	1	0.004545454545454545
290	A	1	0.004545454545454545
290	C	10	0.045454545454545456
