Position	Nucleotide	Multiplicity	Frequency
56	G	1	0.03225806451612903
57	A	1	0.03225806451612903
64	A	1	0.03225806451612903
68	G	1	0.03225806451612903
74	C	1	0.03225806451612903
90	G	5	0.16129032258064516
91	A	31	1.0
96	A	1	0.03225806451612903
104	T	1	0.03225806451612903
127	C	1	0.03225806451612903
134	A	1	0.03225806451612903
139	C	1	0.03225806451612903
140	C	31	1.0
143	A	1	0.03225806451612903
145	T	31	1.0
148	T	31	1.0
152	A	31	1.0
153	G	1	0.03225806451612903
157	A	30	0.967741935483871
157	T	1	0.03225806451612903
162	A	1	0.03225806451612903
168	G	1	0.03225806451612903
169	C	31	1.0
175	T	31	1.0
188	A	31	1.0
192	G	1	0.03225806451612903
197	G	1	0.03225806451612903
211	T	1	0.03225806451612903
222	C	1	0.03225806451612903
224	T	1	0.03225806451612903
228	C	2	0.06451612903225806
233	A	31	1.0
246	G	1	0.03225806451612903
248	A	1	0.03225806451612903
250	A	1	0.03225806451612903
254	G	1	0.03225806451612903
255	A	1	0.03225806451612903
256	C	2	0.06451612903225806
265	G	31	1.0
269	A	1	0.03225806451612903
270	G	1	0.03225806451612903
271	A	1	0.03225806451612903
276	A	1	0.03225806451612903
287	G	1	0.03225806451612903
289	C	1	0.03225806451612903
