Position	Nucleotide	Multiplicity	Frequency
45	G	2	0.011049723756906077
56	C	1	0.0055248618784530384
57	T	1	0.0055248618784530384
58	C	2	0.011049723756906077
60	C	1	0.0055248618784530384
65	C	2	0.011049723756906077
66	C	1	0.0055248618784530384
67	T	1	0.0055248618784530384
68	G	1	0.0055248618784530384
71	C	2	0.011049723756906077
72	C	2	0.011049723756906077
74	C	8	0.04419889502762431
76	A	1	0.0055248618784530384
77	C	1	0.0055248618784530384
77	G	13	0.0718232044198895
78	C	1	0.0055248618784530384
80	T	1	0.0055248618784530384
82	A	61	0.3370165745856354
82	G	16	0.08839779005524862
82	T	14	0.07734806629834254
83	T	1	0.0055248618784530384
85	C	1	0.0055248618784530384
85	G	1	0.0055248618784530384
86	T	2	0.011049723756906077
87	G	15	0.08287292817679558
87	T	38	0.20994475138121546
88	A	2	0.011049723756906077
88	C	10	0.055248618784530384
89	A	2	0.011049723756906077
89	C	11	0.06077348066298342
89	G	51	0.281767955801105
90	T	5	0.027624309392265192
91	A	32	0.17679558011049723
91	C	56	0.30939226519337015
91	T	12	0.06629834254143646
92	T	34	0.1878453038674033
93	C	17	0.09392265193370165
94	T	3	0.016574585635359115
96	A	34	0.1878453038674033
96	C	2	0.011049723756906077
97	A	14	0.07734806629834254
97	G	8	0.04419889502762431
98	A	18	0.09944751381215469
98	C	26	0.143646408839779
99	C	1	0.0055248618784530384
99	T	12	0.06629834254143646
101	A	5	0.027624309392265192
101	C	34	0.1878453038674033
102	A	1	0.0055248618784530384
102	T	22	0.12154696132596685
103	C	1	0.0055248618784530384
103	G	2	0.011049723756906077
103	T	1	0.0055248618784530384
104	T	4	0.022099447513812154
105	C	1	0.0055248618784530384
107	A	1	0.0055248618784530384
108	A	1	0.0055248618784530384
109	C	1	0.0055248618784530384
113	T	9	0.049723756906077346
116	C	1	0.0055248618784530384
117	A	1	0.0055248618784530384
118	G	8	0.04419889502762431
119	A	11	0.06077348066298342
119	C	1	0.0055248618784530384
120	A	1	0.0055248618784530384
122	G	1	0.0055248618784530384
123	A	3	0.016574585635359115
124	A	13	0.0718232044198895
124	C	1	0.0055248618784530384
125	G	1	0.0055248618784530384
127	G	11	0.06077348066298342
130	A	1	0.0055248618784530384
131	A	10	0.055248618784530384
131	C	17	0.09392265193370165
132	T	1	0.0055248618784530384
136	C	1	0.0055248618784530384
138	C	2	0.011049723756906077
138	G	2	0.011049723756906077
140	A	1	0.0055248618784530384
141	C	2	0.011049723756906077
142	A	1	0.0055248618784530384
142	C	4	0.022099447513812154
143	A	1	0.0055248618784530384
143	C	2	0.011049723756906077
144	T	2	0.011049723756906077
145	T	1	0.0055248618784530384
146	C	2	0.011049723756906077
146	G	13	0.0718232044198895
146	T	10	0.055248618784530384
147	A	1	0.0055248618784530384
147	C	30	0.16574585635359115
147	T	4	0.022099447513812154
148	C	26	0.143646408839779
148	G	1	0.0055248618784530384
149	C	16	0.08839779005524862
149	G	24	0.13259668508287292
150	C	3	0.016574585635359115
150	G	8	0.04419889502762431
150	T	2	0.011049723756906077
151	C	1	0.0055248618784530384
152	C	4	0.022099447513812154
152	G	46	0.2541436464088398
152	T	15	0.08287292817679558
153	A	2	0.011049723756906077
153	C	1	0.0055248618784530384
154	A	1	0.0055248618784530384
154	G	1	0.0055248618784530384
154	T	5	0.027624309392265192
155	C	28	0.15469613259668508
155	G	2	0.011049723756906077
155	T	2	0.011049723756906077
156	G	2	0.011049723756906077
157	C	4	0.022099447513812154
157	G	2	0.011049723756906077
157	T	12	0.06629834254143646
159	A	1	0.0055248618784530384
160	C	2	0.011049723756906077
160	G	1	0.0055248618784530384
161	C	2	0.011049723756906077
162	A	1	0.0055248618784530384
163	T	12	0.06629834254143646
164	G	1	0.0055248618784530384
164	T	9	0.049723756906077346
165	G	17	0.09392265193370165
165	T	1	0.0055248618784530384
166	A	6	0.03314917127071823
166	C	19	0.10497237569060773
167	T	2	0.011049723756906077
168	G	75	0.4143646408839779
169	C	3	0.016574585635359115
169	G	14	0.07734806629834254
169	T	1	0.0055248618784530384
170	A	17	0.09392265193370165
170	C	1	0.0055248618784530384
170	G	11	0.06077348066298342
171	G	37	0.20441988950276244
171	T	1	0.0055248618784530384
172	C	3	0.016574585635359115
173	C	4	0.022099447513812154
173	G	10	0.055248618784530384
174	C	3	0.016574585635359115
174	G	1	0.0055248618784530384
175	C	11	0.06077348066298342
176	T	68	0.3756906077348066
177	C	2	0.011049723756906077
178	C	5	0.027624309392265192
179	T	30	0.16574585635359115
180	C	7	0.03867403314917127
181	G	10	0.055248618784530384
182	C	3	0.016574585635359115
183	C	1	0.0055248618784530384
184	C	2	0.011049723756906077
185	T	2	0.011049723756906077
188	T	1	0.0055248618784530384
189	C	1	0.0055248618784530384
189	T	1	0.0055248618784530384
191	A	1	0.0055248618784530384
191	C	1	0.0055248618784530384
191	T	10	0.055248618784530384
192	C	2	0.011049723756906077
193	G	36	0.19889502762430938
193	T	37	0.20441988950276244
195	T	1	0.0055248618784530384
198	A	1	0.0055248618784530384
200	C	8	0.04419889502762431
200	G	2	0.011049723756906077
201	C	1	0.0055248618784530384
201	G	10	0.055248618784530384
204	C	2	0.011049723756906077
204	T	1	0.0055248618784530384
206	T	10	0.055248618784530384
207	G	13	0.0718232044198895
209	A	1	0.0055248618784530384
209	T	48	0.26519337016574585
210	A	2	0.011049723756906077
210	C	2	0.011049723756906077
212	A	10	0.055248618784530384
213	G	1	0.0055248618784530384
213	T	1	0.0055248618784530384
215	C	2	0.011049723756906077
215	G	3	0.016574585635359115
216	A	1	0.0055248618784530384
217	C	1	0.0055248618784530384
220	C	9	0.049723756906077346
220	G	1	0.0055248618784530384
221	A	1	0.0055248618784530384
221	C	20	0.11049723756906077
221	G	1	0.0055248618784530384
222	C	2	0.011049723756906077
224	A	1	0.0055248618784530384
224	G	1	0.0055248618784530384
224	T	1	0.0055248618784530384
225	C	10	0.055248618784530384
225	G	1	0.0055248618784530384
226	C	4	0.022099447513812154
227	A	8	0.04419889502762431
228	G	11	0.06077348066298342
228	T	26	0.143646408839779
229	G	14	0.07734806629834254
230	A	14	0.07734806629834254
230	T	11	0.06077348066298342
231	C	1	0.0055248618784530384
231	G	1	0.0055248618784530384
232	A	2	0.011049723756906077
233	A	41	0.2265193370165746
234	G	36	0.19889502762430938
235	C	1	0.0055248618784530384
235	G	1	0.0055248618784530384
236	C	17	0.09392265193370165
236	T	9	0.049723756906077346
237	C	9	0.049723756906077346
238	C	21	0.11602209944751381
238	G	1	0.0055248618784530384
238	T	3	0.016574585635359115
239	C	8	0.04419889502762431
239	G	1	0.0055248618784530384
240	G	38	0.20994475138121546
240	T	5	0.027624309392265192
242	T	1	0.0055248618784530384
244	T	1	0.0055248618784530384
245	G	46	0.2541436464088398
246	G	1	0.0055248618784530384
246	T	2	0.011049723756906077
249	C	2	0.011049723756906077
249	G	3	0.016574585635359115
250	C	3	0.016574585635359115
250	G	20	0.11049723756906077
251	A	4	0.022099447513812154
251	T	13	0.0718232044198895
252	G	8	0.04419889502762431
253	A	2	0.011049723756906077
254	A	2	0.011049723756906077
254	T	2	0.011049723756906077
256	A	1	0.0055248618784530384
256	G	1	0.0055248618784530384
257	C	1	0.0055248618784530384
257	T	1	0.0055248618784530384
258	C	37	0.20441988950276244
258	G	24	0.13259668508287292
259	A	1	0.0055248618784530384
259	T	1	0.0055248618784530384
261	A	37	0.20441988950276244
261	C	16	0.08839779005524862
262	G	44	0.2430939226519337
262	T	38	0.20994475138121546
263	C	3	0.016574585635359115
264	A	4	0.022099447513812154
264	T	2	0.011049723756906077
265	C	1	0.0055248618784530384
266	A	13	0.0718232044198895
266	C	5	0.027624309392265192
266	T	1	0.0055248618784530384
268	G	1	0.0055248618784530384
269	A	9	0.049723756906077346
269	T	1	0.0055248618784530384
270	G	1	0.0055248618784530384
271	A	1	0.0055248618784530384
272	A	1	0.0055248618784530384
272	T	1	0.0055248618784530384
275	C	2	0.011049723756906077
276	A	18	0.09944751381215469
276	C	4	0.022099447513812154
276	T	3	0.016574585635359115
277	C	1	0.0055248618784530384
277	G	1	0.0055248618784530384
278	A	35	0.19337016574585636
278	C	48	0.26519337016574585
279	C	1	0.0055248618784530384
281	C	10	0.055248618784530384
281	G	1	0.0055248618784530384
282	C	1	0.0055248618784530384
283	T	53	0.292817679558011
284	A	1	0.0055248618784530384
284	T	33	0.18232044198895028
285	G	2	0.011049723756906077
286	T	1	0.0055248618784530384
287	C	1	0.0055248618784530384
287	G	1	0.0055248618784530384
288	A	9	0.049723756906077346
288	T	1	0.0055248618784530384
