Position	Nucleotide	Multiplicity	Frequency
62	T	1	0.05555555555555555
67	G	1	0.05555555555555555
80	G	18	1.0
91	T	1	0.05555555555555555
92	G	18	1.0
94	G	18	1.0
97	T	18	1.0
104	C	1	0.05555555555555555
106	A	1	0.05555555555555555
107	A	18	1.0
112	A	1	0.05555555555555555
120	T	1	0.05555555555555555
121	T	1	0.05555555555555555
135	C	18	1.0
144	C	18	1.0
146	C	1	0.05555555555555555
149	C	18	1.0
154	G	18	1.0
158	T	18	1.0
166	A	18	1.0
168	G	18	1.0
170	G	18	1.0
176	G	1	0.05555555555555555
185	C	18	1.0
187	A	18	1.0
191	T	18	1.0
193	T	18	1.0
198	T	1	0.05555555555555555
215	T	1	0.05555555555555555
220	A	1	0.05555555555555555
223	A	1	0.05555555555555555
225	A	1	0.05555555555555555
234	A	18	1.0
235	G	18	1.0
239	G	1	0.05555555555555555
239	T	17	0.9444444444444444
240	G	18	1.0
241	G	1	0.05555555555555555
242	A	17	0.9444444444444444
242	C	1	0.05555555555555555
246	C	1	0.05555555555555555
258	G	1	0.05555555555555555
259	G	1	0.05555555555555555
261	A	1	0.05555555555555555
261	T	1	0.05555555555555555
263	A	17	0.9444444444444444
263	G	1	0.05555555555555555
269	G	1	0.05555555555555555
270	C	1	0.05555555555555555
275	T	1	0.05555555555555555
276	G	18	1.0
278	A	18	1.0
280	G	18	1.0
281	C	18	1.0
282	G	18	1.0
283	G	1	0.05555555555555555
284	G	18	1.0
285	A	18	1.0
288	A	1	0.05555555555555555
289	G	18	1.0
290	C	18	1.0
