Position	Nucleotide	Multiplicity	Frequency
54	A	1	0.012195121951219513
54	C	1	0.012195121951219513
64	T	1	0.012195121951219513
66	G	3	0.036585365853658534
68	G	1	0.012195121951219513
72	C	1	0.012195121951219513
74	C	1	0.012195121951219513
79	C	1	0.012195121951219513
84	A	3	0.036585365853658534
89	T	11	0.13414634146341464
90	G	1	0.012195121951219513
93	A	4	0.04878048780487805
93	C	4	0.04878048780487805
94	A	2	0.024390243902439025
94	C	1	0.012195121951219513
94	T	32	0.3902439024390244
95	C	1	0.012195121951219513
96	C	2	0.024390243902439025
97	A	12	0.14634146341463414
98	C	1	0.012195121951219513
99	G	1	0.012195121951219513
100	C	5	0.06097560975609756
103	T	8	0.0975609756097561
105	C	1	0.012195121951219513
108	G	4	0.04878048780487805
109	A	34	0.4146341463414634
109	C	8	0.0975609756097561
112	A	1	0.012195121951219513
113	T	2	0.024390243902439025
114	C	1	0.012195121951219513
115	C	2	0.024390243902439025
115	G	1	0.012195121951219513
116	T	33	0.4024390243902439
117	T	1	0.012195121951219513
119	C	3	0.036585365853658534
121	G	1	0.012195121951219513
122	C	1	0.012195121951219513
123	A	1	0.012195121951219513
123	T	11	0.13414634146341464
126	A	1	0.012195121951219513
127	T	1	0.012195121951219513
128	C	34	0.4146341463414634
128	G	2	0.024390243902439025
130	A	1	0.012195121951219513
133	C	6	0.07317073170731707
133	T	1	0.012195121951219513
137	C	2	0.024390243902439025
137	G	2	0.024390243902439025
138	T	1	0.012195121951219513
141	A	1	0.012195121951219513
143	A	3	0.036585365853658534
143	C	1	0.012195121951219513
143	T	4	0.04878048780487805
145	A	1	0.012195121951219513
146	A	1	0.012195121951219513
147	C	2	0.024390243902439025
147	T	4	0.04878048780487805
148	A	3	0.036585365853658534
149	C	5	0.06097560975609756
149	G	1	0.012195121951219513
150	A	3	0.036585365853658534
151	C	1	0.012195121951219513
151	T	1	0.012195121951219513
152	A	41	0.5
152	C	1	0.012195121951219513
152	T	3	0.036585365853658534
153	G	3	0.036585365853658534
154	C	1	0.012195121951219513
154	G	3	0.036585365853658534
154	T	1	0.012195121951219513
155	G	3	0.036585365853658534
156	C	1	0.012195121951219513
157	A	1	0.012195121951219513
158	A	11	0.13414634146341464
158	T	44	0.5365853658536586
159	A	13	0.15853658536585366
159	C	9	0.10975609756097561
160	T	1	0.012195121951219513
162	A	1	0.012195121951219513
162	G	3	0.036585365853658534
163	T	33	0.4024390243902439
164	A	3	0.036585365853658534
164	T	3	0.036585365853658534
165	C	1	0.012195121951219513
165	G	1	0.012195121951219513
166	C	1	0.012195121951219513
166	T	3	0.036585365853658534
167	C	12	0.14634146341463414
168	T	1	0.012195121951219513
169	A	1	0.012195121951219513
170	A	1	0.012195121951219513
171	G	45	0.5487804878048781
172	A	42	0.5121951219512195
172	C	1	0.012195121951219513
172	T	1	0.012195121951219513
173	T	2	0.024390243902439025
174	G	1	0.012195121951219513
175	G	33	0.4024390243902439
175	T	1	0.012195121951219513
177	C	1	0.012195121951219513
177	G	1	0.012195121951219513
177	T	4	0.04878048780487805
179	T	8	0.0975609756097561
181	T	33	0.4024390243902439
183	C	2	0.024390243902439025
183	G	1	0.012195121951219513
185	T	1	0.012195121951219513
186	A	1	0.012195121951219513
186	G	33	0.4024390243902439
188	G	9	0.10975609756097561
189	G	1	0.012195121951219513
192	T	3	0.036585365853658534
193	C	1	0.012195121951219513
194	A	1	0.012195121951219513
195	G	2	0.024390243902439025
196	C	2	0.024390243902439025
198	C	1	0.012195121951219513
198	G	34	0.4146341463414634
199	C	2	0.024390243902439025
200	C	2	0.024390243902439025
202	T	4	0.04878048780487805
203	C	2	0.024390243902439025
203	G	1	0.012195121951219513
205	C	35	0.4268292682926829
207	G	2	0.024390243902439025
207	T	11	0.13414634146341464
208	G	1	0.012195121951219513
209	A	1	0.012195121951219513
209	G	3	0.036585365853658534
210	C	34	0.4146341463414634
212	C	1	0.012195121951219513
212	G	2	0.024390243902439025
212	T	34	0.4146341463414634
213	G	4	0.04878048780487805
214	T	3	0.036585365853658534
215	G	1	0.012195121951219513
215	T	3	0.036585365853658534
216	A	9	0.10975609756097561
216	C	5	0.06097560975609756
216	T	8	0.0975609756097561
217	C	3	0.036585365853658534
218	G	21	0.25609756097560976
219	A	3	0.036585365853658534
219	C	1	0.012195121951219513
222	C	3	0.036585365853658534
222	T	3	0.036585365853658534
223	C	1	0.012195121951219513
223	T	1	0.012195121951219513
224	A	1	0.012195121951219513
224	T	3	0.036585365853658534
227	A	2	0.024390243902439025
227	G	1	0.012195121951219513
229	C	1	0.012195121951219513
229	G	1	0.012195121951219513
230	C	15	0.18292682926829268
230	T	2	0.024390243902439025
232	C	1	0.012195121951219513
232	G	2	0.024390243902439025
233	A	1	0.012195121951219513
233	T	13	0.15853658536585366
235	G	1	0.012195121951219513
236	T	1	0.012195121951219513
237	G	2	0.024390243902439025
239	A	1	0.012195121951219513
239	G	1	0.012195121951219513
240	A	1	0.012195121951219513
240	C	2	0.024390243902439025
241	A	1	0.012195121951219513
243	T	1	0.012195121951219513
245	A	1	0.012195121951219513
246	C	1	0.012195121951219513
247	G	8	0.0975609756097561
248	A	33	0.4024390243902439
248	C	4	0.04878048780487805
249	T	1	0.012195121951219513
250	A	1	0.012195121951219513
250	G	1	0.012195121951219513
251	C	1	0.012195121951219513
252	G	2	0.024390243902439025
253	C	12	0.14634146341463414
254	A	2	0.024390243902439025
254	G	33	0.4024390243902439
254	T	3	0.036585365853658534
255	C	2	0.024390243902439025
256	A	2	0.024390243902439025
256	T	1	0.012195121951219513
257	C	1	0.012195121951219513
259	C	2	0.024390243902439025
259	G	1	0.012195121951219513
260	C	1	0.012195121951219513
261	C	1	0.012195121951219513
261	G	12	0.14634146341463414
261	T	1	0.012195121951219513
262	A	1	0.012195121951219513
262	G	1	0.012195121951219513
263	T	1	0.012195121951219513
264	C	1	0.012195121951219513
265	T	1	0.012195121951219513
266	A	1	0.012195121951219513
266	C	4	0.04878048780487805
267	T	1	0.012195121951219513
268	T	1	0.012195121951219513
269	A	2	0.024390243902439025
270	C	1	0.012195121951219513
271	G	2	0.024390243902439025
271	T	1	0.012195121951219513
272	G	1	0.012195121951219513
273	T	1	0.012195121951219513
274	G	1	0.012195121951219513
275	A	1	0.012195121951219513
275	C	1	0.012195121951219513
277	A	1	0.012195121951219513
278	A	1	0.012195121951219513
279	A	33	0.4024390243902439
279	C	1	0.012195121951219513
280	A	1	0.012195121951219513
280	C	1	0.012195121951219513
281	A	6	0.07317073170731707
281	C	3	0.036585365853658534
281	T	33	0.4024390243902439
282	G	1	0.012195121951219513
283	G	1	0.012195121951219513
284	C	2	0.024390243902439025
285	A	1	0.012195121951219513
286	C	1	0.012195121951219513
287	A	1	0.012195121951219513
287	T	7	0.08536585365853659
288	A	1	0.012195121951219513
289	T	1	0.012195121951219513
290	G	1	0.012195121951219513
291	A	5	0.06097560975609756
292	A	1	0.012195121951219513
292	G	1	0.012195121951219513
293	A	1	0.012195121951219513
293	T	3	0.036585365853658534
