Position	Nucleotide	Multiplicity	Frequency
48	C	5	0.005149330587023687
49	T	1	0.0010298661174047373
50	T	2	0.0020597322348094747
51	A	1	0.0010298661174047373
51	T	1	0.0010298661174047373
52	C	2	0.0020597322348094747
52	G	1	0.0010298661174047373
54	G	1	0.0010298661174047373
55	A	1	0.0010298661174047373
55	C	1	0.0010298661174047373
56	G	4	0.004119464469618949
57	A	1	0.0010298661174047373
57	G	1	0.0010298661174047373
57	T	1	0.0010298661174047373
58	C	2	0.0020597322348094747
59	A	1	0.0010298661174047373
59	T	2	0.0020597322348094747
60	C	1	0.0010298661174047373
61	T	4	0.004119464469618949
65	A	1	0.0010298661174047373
65	C	90	0.09268795056642637
66	A	4	0.004119464469618949
66	T	28	0.028836251287332648
67	A	1	0.0010298661174047373
67	T	19	0.01956745623069001
68	G	2	0.0020597322348094747
68	T	2	0.0020597322348094747
69	A	18	0.018537590113285273
70	A	12	0.012358393408856848
70	G	18	0.018537590113285273
70	T	20	0.02059732234809475
71	G	5	0.005149330587023687
72	A	3	0.003089598352214212
72	C	10	0.010298661174047374
73	T	1	0.0010298661174047373
74	A	4	0.004119464469618949
74	C	5	0.005149330587023687
75	A	1	0.0010298661174047373
75	C	1	0.0010298661174047373
75	T	1	0.0010298661174047373
76	A	69	0.07106076210092688
76	C	1	0.0010298661174047373
77	C	15	0.015447991761071062
77	G	25	0.025746652935118436
77	T	1	0.0010298661174047373
78	A	6	0.006179196704428424
78	C	6	0.006179196704428424
78	G	32	0.032955715756951595
79	A	1	0.0010298661174047373
79	C	8	0.008238928939237899
80	A	2	0.0020597322348094747
80	G	2	0.0020597322348094747
80	T	23	0.02368692070030896
81	C	31	0.03192584963954686
81	G	3	0.003089598352214212
81	T	34	0.035015447991761074
82	A	39	0.04016477857878476
82	G	68	0.07003089598352215
82	T	2	0.0020597322348094747
83	G	4	0.004119464469618949
83	T	84	0.08650875386199794
84	A	1	0.0010298661174047373
84	C	22	0.02265705458290422
84	G	3	0.003089598352214212
85	A	1	0.0010298661174047373
85	C	5	0.005149330587023687
86	C	18	0.018537590113285273
86	G	15	0.015447991761071062
87	C	13	0.013388259526261586
87	G	144	0.14830072090628219
87	T	2	0.0020597322348094747
88	A	133	0.13697219361483007
88	C	76	0.07826982492276004
88	T	1	0.0010298661174047373
89	A	1	0.0010298661174047373
89	G	85	0.08753861997940268
89	T	117	0.12049433573635428
90	C	4	0.004119464469618949
90	G	69	0.07106076210092688
90	T	2	0.0020597322348094747
91	A	348	0.3583934088568486
91	C	55	0.05664263645726056
91	T	26	0.026776519052523172
92	A	32	0.032955715756951595
92	G	50	0.05149330587023687
92	T	93	0.09577754891864057
93	A	8	0.008238928939237899
93	C	82	0.08444902162718847
93	G	3	0.003089598352214212
94	C	5	0.005149330587023687
94	G	3	0.003089598352214212
94	T	299	0.3079299691040165
95	C	7	0.007209062821833162
96	A	40	0.0411946446961895
96	C	3	0.003089598352214212
96	T	2	0.0020597322348094747
97	A	3	0.003089598352214212
97	G	51	0.05252317198764161
97	T	93	0.09577754891864057
98	A	2	0.0020597322348094747
98	G	1	0.0010298661174047373
98	T	2	0.0020597322348094747
99	C	38	0.03913491246138002
99	G	5	0.005149330587023687
99	T	18	0.018537590113285273
100	C	1	0.0010298661174047373
100	G	1	0.0010298661174047373
101	A	20	0.02059732234809475
101	C	1	0.0010298661174047373
101	T	1	0.0010298661174047373
102	C	180	0.18537590113285274
102	G	28	0.028836251287332648
102	T	5	0.005149330587023687
103	A	222	0.2286302780638517
103	C	126	0.12976313079299692
104	G	1	0.0010298661174047373
104	T	315	0.32440782698249226
105	A	1	0.0010298661174047373
105	C	11	0.01132852729145211
106	A	1	0.0010298661174047373
106	T	1	0.0010298661174047373
107	A	2	0.0020597322348094747
108	A	35	0.03604531410916581
108	C	13	0.013388259526261586
108	T	1	0.0010298661174047373
109	A	1	0.0010298661174047373
109	C	7	0.007209062821833162
109	G	1	0.0010298661174047373
110	A	12	0.012358393408856848
110	G	1	0.0010298661174047373
110	T	2	0.0020597322348094747
111	A	2	0.0020597322348094747
111	T	2	0.0020597322348094747
112	A	1	0.0010298661174047373
112	C	1	0.0010298661174047373
112	T	2	0.0020597322348094747
113	A	1	0.0010298661174047373
113	T	23	0.02368692070030896
114	A	2	0.0020597322348094747
114	T	1	0.0010298661174047373
115	C	5	0.005149330587023687
115	G	3	0.003089598352214212
115	T	1	0.0010298661174047373
116	A	6	0.006179196704428424
116	C	1	0.0010298661174047373
116	T	1	0.0010298661174047373
117	A	31	0.03192584963954686
117	C	29	0.029866117404737384
118	T	6	0.006179196704428424
119	A	1	0.0010298661174047373
119	C	9	0.009268795056642637
120	G	32	0.032955715756951595
120	T	4	0.004119464469618949
121	A	2	0.0020597322348094747
121	T	2	0.0020597322348094747
122	G	5	0.005149330587023687
122	T	11	0.01132852729145211
123	A	21	0.021627188465499485
125	A	22	0.02265705458290422
125	C	6	0.006179196704428424
125	T	30	0.030895983522142123
126	C	4	0.004119464469618949
126	G	7	0.007209062821833162
127	C	3	0.003089598352214212
127	G	92	0.09474768280123584
128	A	2	0.0020597322348094747
129	A	2	0.0020597322348094747
129	T	1	0.0010298661174047373
131	A	17	0.017507723995880537
131	C	27	0.027806385169927908
131	T	17	0.017507723995880537
132	A	1	0.0010298661174047373
132	G	1	0.0010298661174047373
132	T	4	0.004119464469618949
133	C	28	0.028836251287332648
133	G	1	0.0010298661174047373
134	A	3	0.003089598352214212
135	A	3	0.003089598352214212
135	C	4	0.004119464469618949
136	C	4	0.004119464469618949
136	G	4	0.004119464469618949
137	A	43	0.044284243048403706
137	C	1	0.0010298661174047373
137	T	5	0.005149330587023687
138	C	2	0.0020597322348094747
139	T	2	0.0020597322348094747
140	A	2	0.0020597322348094747
140	T	1	0.0010298661174047373
141	A	44	0.04531410916580844
141	C	172	0.17713697219361482
142	A	1	0.0010298661174047373
142	C	7	0.007209062821833162
142	G	34	0.035015447991761074
143	A	1	0.0010298661174047373
143	G	4	0.004119464469618949
143	T	4	0.004119464469618949
144	A	1	0.0010298661174047373
144	C	5	0.005149330587023687
144	G	19	0.01956745623069001
145	A	1	0.0010298661174047373
145	T	4	0.004119464469618949
146	C	8	0.008238928939237899
146	G	38	0.03913491246138002
146	T	1	0.0010298661174047373
147	A	166	0.1709577754891864
147	C	23	0.02368692070030896
147	T	89	0.09165808444902163
148	A	8	0.008238928939237899
148	G	184	0.18949536560247168
148	T	244	0.2512873326467559
149	A	62	0.06385169927909372
149	C	88	0.09062821833161688
149	G	35	0.03604531410916581
150	C	58	0.05973223480947477
150	G	2	0.0020597322348094747
151	A	1	0.0010298661174047373
151	C	5	0.005149330587023687
151	G	2	0.0020597322348094747
152	A	71	0.07312049433573635
152	C	99	0.101956745623069
153	A	127	0.13079299691040164
153	C	6	0.006179196704428424
153	G	15	0.015447991761071062
153	T	1	0.0010298661174047373
154	A	15	0.015447991761071062
154	C	78	0.08032955715756952
154	G	67	0.0690010298661174
154	T	71	0.07312049433573635
155	A	45	0.046343975283213185
155	C	19	0.01956745623069001
155	G	1	0.0010298661174047373
156	A	100	0.10298661174047374
156	C	2	0.0020597322348094747
156	G	126	0.12976313079299692
156	T	100	0.10298661174047374
157	A	53	0.05458290422245108
157	C	284	0.2924819773429454
157	T	27	0.027806385169927908
158	A	41	0.042224510813594233
158	C	35	0.03604531410916581
158	G	53	0.05458290422245108
158	T	108	0.11122554067971163
159	C	70	0.07209062821833162
159	G	168	0.17301750772399588
159	T	16	0.016477857878475798
160	A	86	0.08856848609680741
160	C	88	0.09062821833161688
160	T	23	0.02368692070030896
161	A	9	0.009268795056642637
161	C	21	0.021627188465499485
161	G	32	0.032955715756951595
162	A	1	0.0010298661174047373
162	C	1	0.0010298661174047373
162	T	4	0.004119464469618949
163	C	137	0.141091658084449
163	T	1	0.0010298661174047373
164	A	38	0.03913491246138002
164	C	61	0.06282183316168898
164	G	3	0.003089598352214212
165	A	28	0.028836251287332648
165	C	53	0.05458290422245108
165	G	89	0.09165808444902163
165	T	42	0.04325437693099897
166	A	248	0.2554067971163749
166	C	101	0.10401647785787847
166	T	130	0.13388259526261587
167	A	31	0.03192584963954686
167	C	58	0.05973223480947477
167	G	36	0.037075180226570546
168	C	6	0.006179196704428424
168	G	131	0.1349124613800206
168	T	2	0.0020597322348094747
169	A	233	0.2399588053553038
169	C	50	0.05149330587023687
169	T	10	0.010298661174047374
170	A	92	0.09474768280123584
170	G	9	0.009268795056642637
170	T	144	0.14830072090628219
171	C	4	0.004119464469618949
171	G	46	0.04737384140061792
171	T	5	0.005149330587023687
172	A	6	0.006179196704428424
172	G	71	0.07312049433573635
172	T	37	0.03810504634397528
173	C	14	0.014418125643666324
173	G	15	0.015447991761071062
173	T	16	0.016477857878475798
174	A	17	0.017507723995880537
174	C	103	0.10607621009268794
174	G	105	0.10813594232749743
175	C	67	0.0690010298661174
175	G	51	0.05252317198764161
175	T	63	0.06488156539649846
176	A	2	0.0020597322348094747
176	G	15	0.015447991761071062
176	T	123	0.1266735324407827
177	A	73	0.07518022657054584
177	C	87	0.08959835221421215
177	G	3	0.003089598352214212
178	C	2	0.0020597322348094747
178	G	60	0.061791967044284246
178	T	21	0.021627188465499485
179	A	1	0.0010298661174047373
179	C	101	0.10401647785787847
179	G	21	0.021627188465499485
179	T	25	0.025746652935118436
180	A	41	0.042224510813594233
180	C	4	0.004119464469618949
180	T	3	0.003089598352214212
181	G	1	0.0010298661174047373
181	T	6	0.006179196704428424
182	C	16	0.016477857878475798
182	G	10	0.010298661174047374
182	T	2	0.0020597322348094747
183	A	10	0.010298661174047374
183	T	1	0.0010298661174047373
184	C	27	0.027806385169927908
184	G	27	0.027806385169927908
185	A	1	0.0010298661174047373
185	G	24	0.024716786817713696
185	T	164	0.16889804325437693
186	A	7	0.007209062821833162
186	C	20	0.02059732234809475
186	G	16	0.016477857878475798
187	A	3	0.003089598352214212
187	T	3	0.003089598352214212
188	A	5	0.005149330587023687
188	T	15	0.015447991761071062
189	A	3	0.003089598352214212
189	C	5	0.005149330587023687
189	T	3	0.003089598352214212
190	C	3	0.003089598352214212
190	G	5	0.005149330587023687
191	A	3	0.003089598352214212
191	T	2	0.0020597322348094747
192	C	8	0.008238928939237899
192	G	6	0.006179196704428424
193	C	14	0.014418125643666324
193	G	63	0.06488156539649846
194	C	9	0.009268795056642637
195	A	1	0.0010298661174047373
195	T	1	0.0010298661174047373
196	A	2	0.0020597322348094747
196	C	3	0.003089598352214212
196	T	2	0.0020597322348094747
197	A	1	0.0010298661174047373
197	G	1	0.0010298661174047373
198	G	1	0.0010298661174047373
198	T	2	0.0020597322348094747
199	A	4	0.004119464469618949
199	T	1	0.0010298661174047373
200	A	28	0.028836251287332648
200	C	107	0.1101956745623069
200	T	2	0.0020597322348094747
201	C	20	0.02059732234809475
201	G	17	0.017507723995880537
202	A	1	0.0010298661174047373
202	C	8	0.008238928939237899
203	A	5	0.005149330587023687
203	T	4	0.004119464469618949
204	C	3	0.003089598352214212
204	G	12	0.012358393408856848
204	T	4	0.004119464469618949
205	A	2	0.0020597322348094747
205	G	39	0.04016477857878476
205	T	22	0.02265705458290422
206	A	20	0.02059732234809475
206	T	24	0.024716786817713696
207	C	11	0.01132852729145211
207	G	74	0.07621009268795056
207	T	4	0.004119464469618949
208	A	1	0.0010298661174047373
208	C	3	0.003089598352214212
208	G	6	0.006179196704428424
209	A	26	0.026776519052523172
209	G	11	0.01132852729145211
209	T	10	0.010298661174047374
210	A	164	0.16889804325437693
210	C	7	0.007209062821833162
210	G	7	0.007209062821833162
211	G	6	0.006179196704428424
211	T	6	0.006179196704428424
212	A	1	0.0010298661174047373
212	C	2	0.0020597322348094747
212	G	3	0.003089598352214212
212	T	6	0.006179196704428424
213	C	4	0.004119464469618949
213	G	3	0.003089598352214212
214	A	5	0.005149330587023687
214	T	3	0.003089598352214212
215	C	11	0.01132852729145211
215	G	16	0.016477857878475798
215	T	1	0.0010298661174047373
216	A	4	0.004119464469618949
216	C	1	0.0010298661174047373
216	T	5	0.005149330587023687
217	C	3	0.003089598352214212
217	G	12	0.012358393408856848
218	A	5	0.005149330587023687
218	C	114	0.11740473738414006
218	G	5	0.005149330587023687
219	C	3	0.003089598352214212
219	G	5	0.005149330587023687
220	C	4	0.004119464469618949
220	G	22	0.02265705458290422
220	T	17	0.017507723995880537
221	A	36	0.037075180226570546
221	C	98	0.10092687950566426
221	G	1	0.0010298661174047373
222	A	2	0.0020597322348094747
222	C	3	0.003089598352214212
222	G	23	0.02368692070030896
223	A	1	0.0010298661174047373
223	G	1	0.0010298661174047373
223	T	1	0.0010298661174047373
224	G	11	0.01132852729145211
224	T	2	0.0020597322348094747
225	C	45	0.046343975283213185
225	G	54	0.055612770339855816
226	C	1	0.0010298661174047373
226	G	95	0.09783728115345006
226	T	1	0.0010298661174047373
227	A	1	0.0010298661174047373
227	C	2	0.0020597322348094747
228	C	6	0.006179196704428424
228	G	43	0.044284243048403706
228	T	1	0.0010298661174047373
229	C	43	0.044284243048403706
229	G	68	0.07003089598352215
229	T	1	0.0010298661174047373
230	A	19	0.01956745623069001
230	G	3	0.003089598352214212
230	T	34	0.035015447991761074
231	C	7	0.007209062821833162
231	G	5	0.005149330587023687
231	T	2	0.0020597322348094747
232	A	11	0.01132852729145211
232	G	1	0.0010298661174047373
232	T	125	0.12873326467559218
233	A	204	0.21009268795056643
233	C	71	0.07312049433573635
233	T	54	0.055612770339855816
234	A	1	0.0010298661174047373
234	G	61	0.06282183316168898
234	T	76	0.07826982492276004
235	A	1	0.0010298661174047373
235	C	30	0.030895983522142123
235	G	11	0.01132852729145211
236	A	34	0.035015447991761074
236	C	42	0.04325437693099897
236	T	139	0.1431513903192585
237	A	3	0.003089598352214212
237	C	4	0.004119464469618949
237	G	3	0.003089598352214212
238	C	33	0.03398558187435633
238	T	128	0.13182286302780638
239	A	1	0.0010298661174047373
239	C	4	0.004119464469618949
239	G	5	0.005149330587023687
240	A	1	0.0010298661174047373
240	G	21	0.021627188465499485
240	T	92	0.09474768280123584
241	C	26	0.026776519052523172
241	G	2	0.0020597322348094747
242	A	42	0.04325437693099897
242	C	57	0.05870236869207003
242	T	14	0.014418125643666324
243	A	8	0.008238928939237899
243	G	13	0.013388259526261586
243	T	1	0.0010298661174047373
244	G	71	0.07312049433573635
244	T	2	0.0020597322348094747
245	C	11	0.01132852729145211
245	G	150	0.15447991761071062
245	T	1	0.0010298661174047373
246	C	13	0.013388259526261586
246	G	11	0.01132852729145211
246	T	4	0.004119464469618949
247	C	3	0.003089598352214212
247	G	3	0.003089598352214212
248	A	2	0.0020597322348094747
248	C	3	0.003089598352214212
249	C	47	0.04840370751802266
249	G	63	0.06488156539649846
249	T	17	0.017507723995880537
250	C	18	0.018537590113285273
250	G	77	0.07929969104016478
251	A	6	0.006179196704428424
251	G	1	0.0010298661174047373
251	T	15	0.015447991761071062
252	C	3	0.003089598352214212
252	G	91	0.0937178166838311
253	A	36	0.037075180226570546
253	C	30	0.030895983522142123
253	T	3	0.003089598352214212
254	A	167	0.17198764160659114
254	G	11	0.01132852729145211
254	T	28	0.028836251287332648
255	A	2	0.0020597322348094747
255	G	26	0.026776519052523172
255	T	5	0.005149330587023687
256	C	10	0.010298661174047374
256	G	6	0.006179196704428424
257	A	78	0.08032955715756952
257	C	5	0.005149330587023687
257	T	4	0.004119464469618949
258	C	9	0.009268795056642637
258	G	19	0.01956745623069001
258	T	1	0.0010298661174047373
259	C	41	0.042224510813594233
259	T	3	0.003089598352214212
260	C	8	0.008238928939237899
260	G	36	0.037075180226570546
261	A	74	0.07621009268795056
261	C	49	0.05046343975283213
261	T	1	0.0010298661174047373
262	A	3	0.003089598352214212
262	G	52	0.053553038105046344
262	T	135	0.13903192584963955
263	A	4	0.004119464469618949
263	T	4	0.004119464469618949
264	A	5	0.005149330587023687
264	C	1	0.0010298661174047373
264	T	2	0.0020597322348094747
265	G	9	0.009268795056642637
266	A	43	0.044284243048403706
266	C	68	0.07003089598352215
266	T	3	0.003089598352214212
267	T	2	0.0020597322348094747
268	C	2	0.0020597322348094747
268	G	2	0.0020597322348094747
269	A	9	0.009268795056642637
270	C	4	0.004119464469618949
270	G	12	0.012358393408856848
270	T	2	0.0020597322348094747
271	A	2	0.0020597322348094747
271	T	1	0.0010298661174047373
272	A	3	0.003089598352214212
272	T	2	0.0020597322348094747
273	A	3	0.003089598352214212
273	T	3	0.003089598352214212
274	A	3	0.003089598352214212
275	A	6	0.006179196704428424
275	T	5	0.005149330587023687
276	A	111	0.11431513903192585
276	C	66	0.06797116374871266
276	T	12	0.012358393408856848
277	A	2	0.0020597322348094747
277	C	2	0.0020597322348094747
277	G	2	0.0020597322348094747
278	C	56	0.057672502574665295
278	G	178	0.18331616889804325
278	T	112	0.11534500514933059
279	A	2	0.0020597322348094747
280	T	1	0.0010298661174047373
281	A	4	0.004119464469618949
281	C	12	0.012358393408856848
282	A	1	0.0010298661174047373
282	C	3	0.003089598352214212
283	C	1	0.0010298661174047373
283	G	1	0.0010298661174047373
283	T	84	0.08650875386199794
284	A	8	0.008238928939237899
284	G	1	0.0010298661174047373
284	T	289	0.2976313079299691
285	C	3	0.003089598352214212
285	G	2	0.0020597322348094747
286	T	4	0.004119464469618949
287	C	23	0.02368692070030896
287	G	3	0.003089598352214212
288	A	8	0.008238928939237899
288	T	6	0.006179196704428424
289	A	2	0.0020597322348094747
289	G	1	0.0010298661174047373
289	T	97	0.09989701338825953
290	A	60	0.061791967044284246
290	C	21	0.021627188465499485
290	T	21	0.021627188465499485
