Position	Nucleotide	Multiplicity	Frequency
52	C	1	0.013513513513513514
57	T	1	0.013513513513513514
65	C	1	0.013513513513513514
69	A	1	0.013513513513513514
72	C	1	0.013513513513513514
74	C	1	0.013513513513513514
81	C	1	0.013513513513513514
82	T	1	0.013513513513513514
85	C	1	0.013513513513513514
89	G	1	0.013513513513513514
90	T	1	0.013513513513513514
93	A	1	0.013513513513513514
93	T	2	0.02702702702702703
101	T	1	0.013513513513513514
105	C	2	0.02702702702702703
108	A	1	0.013513513513513514
108	T	1	0.013513513513513514
109	C	1	0.013513513513513514
115	C	1	0.013513513513513514
116	C	1	0.013513513513513514
119	C	1	0.013513513513513514
121	A	1	0.013513513513513514
128	T	1	0.013513513513513514
130	A	1	0.013513513513513514
135	C	1	0.013513513513513514
137	A	1	0.013513513513513514
146	T	1	0.013513513513513514
147	T	1	0.013513513513513514
150	G	1	0.013513513513513514
151	T	74	1.0
154	A	1	0.013513513513513514
155	G	1	0.013513513513513514
156	G	73	0.9864864864864865
156	T	1	0.013513513513513514
157	G	1	0.013513513513513514
159	C	1	0.013513513513513514
161	G	1	0.013513513513513514
161	T	1	0.013513513513513514
162	C	73	0.9864864864864865
162	T	1	0.013513513513513514
172	C	1	0.013513513513513514
174	G	1	0.013513513513513514
175	T	1	0.013513513513513514
176	A	1	0.013513513513513514
177	G	1	0.013513513513513514
177	T	1	0.013513513513513514
178	A	2	0.02702702702702703
184	G	1	0.013513513513513514
187	T	1	0.013513513513513514
188	A	1	0.013513513513513514
191	T	1	0.013513513513513514
193	A	1	0.013513513513513514
193	T	1	0.013513513513513514
194	G	1	0.013513513513513514
196	G	1	0.013513513513513514
198	C	1	0.013513513513513514
198	G	1	0.013513513513513514
201	C	2	0.02702702702702703
205	A	1	0.013513513513513514
205	T	1	0.013513513513513514
206	C	1	0.013513513513513514
209	T	1	0.013513513513513514
210	G	1	0.013513513513513514
213	G	1	0.013513513513513514
214	C	1	0.013513513513513514
218	G	1	0.013513513513513514
220	A	1	0.013513513513513514
221	C	1	0.013513513513513514
223	C	1	0.013513513513513514
225	A	1	0.013513513513513514
225	T	1	0.013513513513513514
226	C	1	0.013513513513513514
228	C	1	0.013513513513513514
230	C	1	0.013513513513513514
230	G	1	0.013513513513513514
232	C	1	0.013513513513513514
234	G	1	0.013513513513513514
235	G	1	0.013513513513513514
237	C	2	0.02702702702702703
237	G	1	0.013513513513513514
238	A	1	0.013513513513513514
240	T	1	0.013513513513513514
241	C	1	0.013513513513513514
242	C	74	1.0
243	C	1	0.013513513513513514
244	T	74	1.0
245	G	1	0.013513513513513514
246	T	1	0.013513513513513514
252	G	1	0.013513513513513514
253	G	1	0.013513513513513514
260	A	1	0.013513513513513514
262	C	1	0.013513513513513514
264	G	1	0.013513513513513514
266	G	1	0.013513513513513514
267	G	1	0.013513513513513514
282	T	2	0.02702702702702703
291	C	2	0.02702702702702703
294	T	1	0.013513513513513514
296	C	73	0.9864864864864865
