Position	Nucleotide	Multiplicity	Frequency
56	G	1	0.014285714285714285
57	T	1	0.014285714285714285
64	A	1	0.014285714285714285
67	T	1	0.014285714285714285
70	G	1	0.014285714285714285
73	T	5	0.07142857142857142
74	A	3	0.04285714285714286
74	C	2	0.02857142857142857
75	A	8	0.11428571428571428
77	C	1	0.014285714285714285
77	G	1	0.014285714285714285
78	C	1	0.014285714285714285
80	A	9	0.12857142857142856
82	G	4	0.05714285714285714
82	T	2	0.02857142857142857
83	T	20	0.2857142857142857
87	C	26	0.37142857142857144
88	C	9	0.12857142857142856
88	G	5	0.07142857142857142
88	T	8	0.11428571428571428
90	A	5	0.07142857142857142
91	C	1	0.014285714285714285
91	G	1	0.014285714285714285
94	C	3	0.04285714285714286
94	T	11	0.15714285714285714
97	G	24	0.34285714285714286
98	T	3	0.04285714285714286
99	G	1	0.014285714285714285
101	A	11	0.15714285714285714
102	T	23	0.32857142857142857
105	C	1	0.014285714285714285
108	C	1	0.014285714285714285
110	T	1	0.014285714285714285
113	A	8	0.11428571428571428
113	C	1	0.014285714285714285
116	C	1	0.014285714285714285
116	G	8	0.11428571428571428
117	A	8	0.11428571428571428
118	G	16	0.22857142857142856
118	T	1	0.014285714285714285
121	T	1	0.014285714285714285
122	C	1	0.014285714285714285
127	C	1	0.014285714285714285
135	T	1	0.014285714285714285
136	G	1	0.014285714285714285
140	C	1	0.014285714285714285
143	G	23	0.32857142857142857
144	C	1	0.014285714285714285
145	A	2	0.02857142857142857
146	C	1	0.014285714285714285
147	A	21	0.3
147	C	1	0.014285714285714285
148	A	1	0.014285714285714285
149	A	8	0.11428571428571428
150	C	1	0.014285714285714285
150	G	5	0.07142857142857142
150	T	12	0.17142857142857143
152	C	21	0.3
152	G	1	0.014285714285714285
153	C	15	0.21428571428571427
153	G	9	0.12857142857142856
154	A	1	0.014285714285714285
154	C	21	0.3
154	T	12	0.17142857142857143
155	C	8	0.11428571428571428
156	A	8	0.11428571428571428
157	A	1	0.014285714285714285
157	C	12	0.17142857142857143
157	T	1	0.014285714285714285
158	T	1	0.014285714285714285
160	C	9	0.12857142857142856
160	G	1	0.014285714285714285
163	C	8	0.11428571428571428
164	C	24	0.34285714285714286
165	A	13	0.18571428571428572
165	C	9	0.12857142857142856
166	A	11	0.15714285714285714
166	C	29	0.4142857142857143
168	G	25	0.35714285714285715
169	A	17	0.24285714285714285
169	C	22	0.3142857142857143
170	T	11	0.15714285714285714
171	C	1	0.014285714285714285
171	G	8	0.11428571428571428
172	C	21	0.3
174	A	1	0.014285714285714285
174	C	1	0.014285714285714285
174	T	3	0.04285714285714286
175	A	8	0.11428571428571428
175	C	13	0.18571428571428572
176	A	8	0.11428571428571428
176	T	1	0.014285714285714285
177	G	1	0.014285714285714285
178	G	1	0.014285714285714285
178	T	1	0.014285714285714285
179	A	1	0.014285714285714285
179	C	1	0.014285714285714285
180	T	8	0.11428571428571428
181	A	1	0.014285714285714285
181	G	12	0.17142857142857143
182	A	1	0.014285714285714285
184	C	1	0.014285714285714285
185	A	1	0.014285714285714285
191	A	8	0.11428571428571428
193	C	1	0.014285714285714285
193	G	12	0.17142857142857143
194	A	1	0.014285714285714285
200	T	1	0.014285714285714285
201	A	1	0.014285714285714285
204	G	1	0.014285714285714285
206	A	1	0.014285714285714285
207	C	12	0.17142857142857143
208	G	1	0.014285714285714285
211	G	1	0.014285714285714285
212	A	1	0.014285714285714285
213	G	1	0.014285714285714285
214	A	1	0.014285714285714285
217	C	3	0.04285714285714286
218	A	1	0.014285714285714285
219	G	1	0.014285714285714285
219	T	12	0.17142857142857143
220	G	2	0.02857142857142857
222	A	1	0.014285714285714285
225	G	2	0.02857142857142857
226	C	1	0.014285714285714285
228	G	18	0.2571428571428571
229	C	1	0.014285714285714285
230	T	1	0.014285714285714285
232	A	1	0.014285714285714285
233	A	1	0.014285714285714285
238	T	8	0.11428571428571428
239	G	1	0.014285714285714285
245	G	2	0.02857142857142857
246	G	1	0.014285714285714285
247	A	8	0.11428571428571428
248	A	21	0.3
249	C	21	0.3
249	G	5	0.07142857142857142
249	T	1	0.014285714285714285
250	G	10	0.14285714285714285
250	T	8	0.11428571428571428
251	T	1	0.014285714285714285
252	T	21	0.3
253	T	21	0.3
255	T	1	0.014285714285714285
258	G	1	0.014285714285714285
259	A	12	0.17142857142857143
260	G	1	0.014285714285714285
261	A	17	0.24285714285714285
261	C	21	0.3
262	T	21	0.3
263	G	1	0.014285714285714285
265	G	3	0.04285714285714286
266	A	5	0.07142857142857142
266	C	1	0.014285714285714285
268	G	1	0.014285714285714285
269	A	1	0.014285714285714285
270	C	8	0.11428571428571428
270	G	1	0.014285714285714285
274	A	1	0.014285714285714285
275	G	2	0.02857142857142857
276	A	21	0.3
276	G	5	0.07142857142857142
277	C	1	0.014285714285714285
278	A	12	0.17142857142857143
278	T	20	0.2857142857142857
281	C	9	0.12857142857142856
283	G	1	0.014285714285714285
283	T	14	0.2
284	G	8	0.11428571428571428
289	T	11	0.15714285714285714
290	C	1	0.014285714285714285
290	G	2	0.02857142857142857
290	T	20	0.2857142857142857
291	G	2	0.02857142857142857
291	T	12	0.17142857142857143
292	G	2	0.02857142857142857
292	T	12	0.17142857142857143
