Position	Nucleotide	Multiplicity	Frequency
47	T	1	0.0017953321364452424
48	C	1	0.0017953321364452424
49	T	1	0.0017953321364452424
50	T	1	0.0017953321364452424
51	G	1	0.0017953321364452424
52	C	1	0.0017953321364452424
52	G	2	0.003590664272890485
53	A	1	0.0017953321364452424
53	C	10	0.017953321364452424
55	T	2	0.003590664272890485
56	A	9	0.01615798922800718
56	T	2	0.003590664272890485
57	T	4	0.00718132854578097
58	C	3	0.005385996409335727
59	T	3	0.005385996409335727
60	C	2	0.003590664272890485
60	G	2	0.003590664272890485
60	T	1	0.0017953321364452424
62	T	1	0.0017953321364452424
64	A	2	0.003590664272890485
64	C	1	0.0017953321364452424
64	T	2	0.003590664272890485
65	T	9	0.01615798922800718
66	G	182	0.3267504488330341
67	A	1	0.0017953321364452424
67	G	54	0.09694793536804308
67	T	44	0.07899461400359066
69	A	2	0.003590664272890485
70	C	3	0.005385996409335727
71	A	1	0.0017953321364452424
71	T	31	0.05565529622980251
72	C	3	0.005385996409335727
73	T	1	0.0017953321364452424
74	C	33	0.059245960502693
74	G	1	0.0017953321364452424
75	A	2	0.003590664272890485
76	A	6	0.010771992818671455
77	A	15	0.026929982046678635
77	C	25	0.04488330341113106
78	A	3	0.005385996409335727
79	A	55	0.09874326750448834
79	C	13	0.02333931777378815
79	T	2	0.003590664272890485
80	T	5	0.008976660682226212
81	C	3	0.005385996409335727
81	G	1	0.0017953321364452424
83	T	2	0.003590664272890485
84	C	202	0.362657091561939
84	T	26	0.0466786355475763
85	C	2	0.003590664272890485
86	G	28	0.05026929982046679
86	T	44	0.07899461400359066
87	C	1	0.0017953321364452424
87	G	13	0.02333931777378815
88	A	41	0.07360861759425494
88	C	6	0.010771992818671455
89	C	1	0.0017953321364452424
90	C	48	0.08617594254937164
90	G	231	0.414721723518851
90	T	13	0.02333931777378815
91	A	279	0.5008976660682226
91	C	34	0.06104129263913824
92	A	44	0.07899461400359066
92	C	2	0.003590664272890485
93	A	203	0.3644524236983842
93	G	6	0.010771992818671455
94	C	1	0.0017953321364452424
94	G	1	0.0017953321364452424
94	T	32	0.05745062836624776
95	T	27	0.04847396768402154
96	C	6	0.010771992818671455
97	C	2	0.003590664272890485
98	A	1	0.0017953321364452424
98	T	1	0.0017953321364452424
99	A	1	0.0017953321364452424
99	C	2	0.003590664272890485
100	A	1	0.0017953321364452424
100	T	2	0.003590664272890485
101	A	1	0.0017953321364452424
102	C	3	0.005385996409335727
102	G	6	0.010771992818671455
103	A	12	0.02154398563734291
103	C	223	0.400359066427289
103	T	2	0.003590664272890485
104	T	52	0.0933572710951526
105	C	5	0.008976660682226212
105	G	1	0.0017953321364452424
106	A	1	0.0017953321364452424
107	A	1	0.0017953321364452424
108	G	6	0.010771992818671455
108	T	1	0.0017953321364452424
109	G	1	0.0017953321364452424
110	A	1	0.0017953321364452424
110	T	28	0.05026929982046679
112	A	1	0.0017953321364452424
112	T	2	0.003590664272890485
113	A	46	0.08258527827648116
113	C	6	0.010771992818671455
114	A	2	0.003590664272890485
114	T	2	0.003590664272890485
115	C	2	0.003590664272890485
115	G	2	0.003590664272890485
116	C	1	0.0017953321364452424
116	T	1	0.0017953321364452424
117	A	1	0.0017953321364452424
117	G	26	0.0466786355475763
117	T	17	0.03052064631956912
118	A	2	0.003590664272890485
118	G	1	0.0017953321364452424
118	T	3	0.005385996409335727
119	A	2	0.003590664272890485
119	G	1	0.0017953321364452424
119	T	2	0.003590664272890485
120	A	1	0.0017953321364452424
121	T	1	0.0017953321364452424
122	G	2	0.003590664272890485
123	A	1	0.0017953321364452424
125	A	42	0.07540394973070018
126	C	2	0.003590664272890485
126	G	2	0.003590664272890485
127	C	1	0.0017953321364452424
127	G	47	0.0843806104129264
128	A	1	0.0017953321364452424
128	C	1	0.0017953321364452424
128	T	1	0.0017953321364452424
129	A	4	0.00718132854578097
129	C	1	0.0017953321364452424
130	A	36	0.06463195691202872
130	C	2	0.003590664272890485
130	T	1	0.0017953321364452424
131	C	4	0.00718132854578097
131	G	16	0.02872531418312388
133	C	5	0.008976660682226212
134	C	27	0.04847396768402154
134	T	2	0.003590664272890485
135	A	1	0.0017953321364452424
135	C	7	0.012567324955116697
136	C	1	0.0017953321364452424
136	G	2	0.003590664272890485
137	A	17	0.03052064631956912
137	T	1	0.0017953321364452424
138	G	1	0.0017953321364452424
140	A	1	0.0017953321364452424
140	T	1	0.0017953321364452424
141	C	12	0.02154398563734291
141	G	3	0.005385996409335727
141	T	2	0.003590664272890485
142	A	3	0.005385996409335727
142	C	2	0.003590664272890485
142	G	4	0.00718132854578097
143	C	40	0.0718132854578097
143	G	2	0.003590664272890485
144	A	1	0.0017953321364452424
144	T	1	0.0017953321364452424
145	C	1	0.0017953321364452424
145	T	1	0.0017953321364452424
146	A	267	0.4793536804308797
146	C	54	0.09694793536804308
147	A	47	0.0843806104129264
147	C	3	0.005385996409335727
148	C	5	0.008976660682226212
148	G	2	0.003590664272890485
149	A	3	0.005385996409335727
149	C	53	0.09515260323159784
150	C	203	0.3644524236983842
150	G	44	0.07899461400359066
150	T	5	0.008976660682226212
151	C	3	0.005385996409335727
151	G	3	0.005385996409335727
152	A	1	0.0017953321364452424
152	T	42	0.07540394973070018
153	C	11	0.019748653500897665
154	C	2	0.003590664272890485
154	G	1	0.0017953321364452424
154	T	73	0.1310592459605027
155	A	1	0.0017953321364452424
155	C	1	0.0017953321364452424
156	A	21	0.03770197486535009
156	C	14	0.025134649910233394
156	G	13	0.02333931777378815
157	C	12	0.02154398563734291
157	G	1	0.0017953321364452424
158	T	39	0.07001795332136446
159	C	1	0.0017953321364452424
159	G	13	0.02333931777378815
160	A	16	0.02872531418312388
160	C	302	0.5421903052064632
161	C	11	0.019748653500897665
161	G	1	0.0017953321364452424
162	A	1	0.0017953321364452424
162	T	2	0.003590664272890485
163	A	46	0.08258527827648116
163	T	44	0.07899461400359066
165	C	1	0.0017953321364452424
165	G	17	0.03052064631956912
166	A	13	0.02333931777378815
166	C	129	0.23159784560143626
166	T	18	0.03231597845601436
167	G	23	0.04129263913824058
167	T	59	0.1059245960502693
168	C	2	0.003590664272890485
168	G	2	0.003590664272890485
169	A	2	0.003590664272890485
170	A	2	0.003590664272890485
170	T	57	0.10233393177737882
171	C	30	0.05385996409335727
171	T	10	0.017953321364452424
172	C	2	0.003590664272890485
172	G	47	0.0843806104129264
173	A	3	0.005385996409335727
173	G	53	0.09515260323159784
173	T	64	0.11490125673249552
174	A	9	0.01615798922800718
174	C	3	0.005385996409335727
175	C	3	0.005385996409335727
175	G	2	0.003590664272890485
176	T	58	0.10412926391382406
177	C	2	0.003590664272890485
177	G	11	0.019748653500897665
178	C	11	0.019748653500897665
178	G	33	0.059245960502693
178	T	1	0.0017953321364452424
179	A	1	0.0017953321364452424
179	T	19	0.03411131059245961
180	A	3	0.005385996409335727
181	A	1	0.0017953321364452424
182	A	1	0.0017953321364452424
182	G	8	0.01436265709156194
182	T	1	0.0017953321364452424
183	A	2	0.003590664272890485
183	C	3	0.005385996409335727
183	G	1	0.0017953321364452424
184	A	6	0.010771992818671455
184	T	1	0.0017953321364452424
185	T	9	0.01615798922800718
186	G	9	0.01615798922800718
186	T	25	0.04488330341113106
187	C	6	0.010771992818671455
188	A	2	0.003590664272890485
188	G	24	0.04308797127468582
189	C	47	0.0843806104129264
189	G	27	0.04847396768402154
190	C	21	0.03770197486535009
190	G	19	0.03411131059245961
191	A	2	0.003590664272890485
191	T	2	0.003590664272890485
192	C	6	0.010771992818671455
192	G	3	0.005385996409335727
193	A	1	0.0017953321364452424
193	C	1	0.0017953321364452424
193	T	3	0.005385996409335727
194	A	1	0.0017953321364452424
194	C	6	0.010771992818671455
195	T	2	0.003590664272890485
196	A	2	0.003590664272890485
196	C	2	0.003590664272890485
196	T	1	0.0017953321364452424
197	C	12	0.02154398563734291
197	G	2	0.003590664272890485
197	T	1	0.0017953321364452424
198	A	16	0.02872531418312388
198	C	65	0.11669658886894076
198	T	2	0.003590664272890485
199	A	1	0.0017953321364452424
199	C	15	0.026929982046678635
199	G	1	0.0017953321364452424
200	A	4	0.00718132854578097
200	G	2	0.003590664272890485
200	T	2	0.003590664272890485
201	C	9	0.01615798922800718
201	T	15	0.026929982046678635
202	G	52	0.0933572710951526
203	A	4	0.00718132854578097
203	T	26	0.0466786355475763
204	C	5	0.008976660682226212
204	G	14	0.025134649910233394
205	C	1	0.0017953321364452424
205	G	1	0.0017953321364452424
206	C	5	0.008976660682226212
206	G	56	0.10053859964093358
206	T	18	0.03231597845601436
207	A	5	0.008976660682226212
207	C	5	0.008976660682226212
207	G	2	0.003590664272890485
208	A	2	0.003590664272890485
208	T	13	0.02333931777378815
209	C	3	0.005385996409335727
209	G	3	0.005385996409335727
209	T	2	0.003590664272890485
210	A	23	0.04129263913824058
210	C	85	0.1526032315978456
211	A	1	0.0017953321364452424
211	C	46	0.08258527827648116
211	G	19	0.03411131059245961
212	C	7	0.012567324955116697
212	G	69	0.12387791741472172
212	T	9	0.01615798922800718
213	A	206	0.36983842010771995
213	C	2	0.003590664272890485
213	T	1	0.0017953321364452424
214	C	5	0.008976660682226212
214	G	3	0.005385996409335727
215	A	4	0.00718132854578097
216	C	7	0.012567324955116697
216	G	1	0.0017953321364452424
217	A	2	0.003590664272890485
217	G	14	0.025134649910233394
217	T	9	0.01615798922800718
218	A	1	0.0017953321364452424
218	C	16	0.02872531418312388
218	T	3	0.005385996409335727
219	A	2	0.003590664272890485
219	C	215	0.3859964093357271
220	G	1	0.0017953321364452424
221	A	29	0.05206463195691203
221	T	1	0.0017953321364452424
222	C	2	0.003590664272890485
222	G	2	0.003590664272890485
222	T	1	0.0017953321364452424
223	G	223	0.400359066427289
223	T	35	0.06283662477558348
224	A	1	0.0017953321364452424
224	C	24	0.04308797127468582
224	T	6	0.010771992818671455
225	C	4	0.00718132854578097
225	G	2	0.003590664272890485
226	C	5	0.008976660682226212
226	G	15	0.026929982046678635
226	T	1	0.0017953321364452424
227	G	32	0.05745062836624776
227	T	247	0.44344703770197486
229	C	7	0.012567324955116697
229	G	24	0.04308797127468582
230	A	90	0.1615798922800718
230	T	2	0.003590664272890485
231	C	2	0.003590664272890485
231	G	28	0.05026929982046679
232	C	1	0.0017953321364452424
233	A	2	0.003590664272890485
233	T	3	0.005385996409335727
234	A	1	0.0017953321364452424
234	C	7	0.012567324955116697
234	G	10	0.017953321364452424
235	A	2	0.003590664272890485
235	T	2	0.003590664272890485
236	A	45	0.0807899461400359
236	T	18	0.03231597845601436
237	A	2	0.003590664272890485
237	T	1	0.0017953321364452424
238	C	2	0.003590664272890485
239	A	1	0.0017953321364452424
239	T	6	0.010771992818671455
240	C	36	0.06463195691202872
240	G	3	0.005385996409335727
240	T	1	0.0017953321364452424
241	G	118	0.2118491921005386
241	T	2	0.003590664272890485
242	A	2	0.003590664272890485
242	C	5	0.008976660682226212
242	T	2	0.003590664272890485
243	A	33	0.059245960502693
243	G	41	0.07360861759425494
243	T	93	0.16696588868940754
244	C	2	0.003590664272890485
244	G	3	0.005385996409335727
245	A	2	0.003590664272890485
245	T	2	0.003590664272890485
246	C	2	0.003590664272890485
246	G	7	0.012567324955116697
246	T	15	0.026929982046678635
247	A	127	0.22800718132854578
247	C	108	0.19389587073608616
248	A	1	0.0017953321364452424
248	G	32	0.05745062836624776
248	T	49	0.08797127468581688
249	A	29	0.05206463195691203
249	C	13	0.02333931777378815
250	A	1	0.0017953321364452424
250	G	28	0.05026929982046679
250	T	3	0.005385996409335727
251	C	1	0.0017953321364452424
252	A	28	0.05026929982046679
252	C	17	0.03052064631956912
252	T	3	0.005385996409335727
253	A	1	0.0017953321364452424
253	G	1	0.0017953321364452424
254	A	1	0.0017953321364452424
254	C	1	0.0017953321364452424
254	T	9	0.01615798922800718
255	C	2	0.003590664272890485
255	G	37	0.06642728904847396
256	A	2	0.003590664272890485
256	G	29	0.05206463195691203
257	A	1	0.0017953321364452424
258	A	26	0.0466786355475763
258	T	5	0.008976660682226212
259	T	1	0.0017953321364452424
260	A	38	0.06822262118491922
260	C	5	0.008976660682226212
260	G	3	0.005385996409335727
261	T	4	0.00718132854578097
262	T	1	0.0017953321364452424
263	A	1	0.0017953321364452424
263	T	1	0.0017953321364452424
264	A	2	0.003590664272890485
264	T	1	0.0017953321364452424
265	C	3	0.005385996409335727
265	G	5	0.008976660682226212
266	A	6	0.010771992818671455
266	G	1	0.0017953321364452424
267	C	2	0.003590664272890485
267	G	2	0.003590664272890485
268	T	1	0.0017953321364452424
269	A	1	0.0017953321364452424
269	C	1	0.0017953321364452424
271	A	1	0.0017953321364452424
271	T	1	0.0017953321364452424
273	A	33	0.059245960502693
273	C	24	0.04308797127468582
273	T	10	0.017953321364452424
274	C	3	0.005385996409335727
274	G	4	0.00718132854578097
275	A	70	0.12567324955116696
275	C	45	0.0807899461400359
275	T	26	0.0466786355475763
276	A	1	0.0017953321364452424
276	C	1	0.0017953321364452424
276	G	1	0.0017953321364452424
277	T	1	0.0017953321364452424
278	C	9	0.01615798922800718
278	G	2	0.003590664272890485
279	C	4	0.00718132854578097
279	G	1	0.0017953321364452424
280	C	3	0.005385996409335727
280	T	7	0.012567324955116697
281	A	3	0.005385996409335727
281	T	74	0.13285457809694792
282	C	5	0.008976660682226212
282	G	3	0.005385996409335727
283	A	2	0.003590664272890485
284	A	2	0.003590664272890485
284	C	10	0.017953321364452424
284	G	3	0.005385996409335727
285	T	2	0.003590664272890485
286	G	2	0.003590664272890485
286	T	201	0.3608617594254937
287	A	2	0.003590664272890485
