Position	Nucleotide	Multiplicity	Frequency
57	A	1	0.007518796992481203
58	C	1	0.007518796992481203
59	T	1	0.007518796992481203
61	T	1	0.007518796992481203
62	T	2	0.015037593984962405
63	A	1	0.007518796992481203
65	C	3	0.022556390977443608
67	A	1	0.007518796992481203
67	T	2	0.015037593984962405
68	G	2	0.015037593984962405
70	A	1	0.007518796992481203
70	T	29	0.21804511278195488
71	T	1	0.007518796992481203
72	C	2	0.015037593984962405
73	T	1	0.007518796992481203
74	A	2	0.015037593984962405
74	C	3	0.022556390977443608
77	A	2	0.015037593984962405
77	C	1	0.007518796992481203
77	T	6	0.045112781954887216
78	G	1	0.007518796992481203
79	A	1	0.007518796992481203
79	G	1	0.007518796992481203
80	G	2	0.015037593984962405
80	T	1	0.007518796992481203
81	C	1	0.007518796992481203
81	G	43	0.3233082706766917
81	T	1	0.007518796992481203
82	A	2	0.015037593984962405
82	G	38	0.2857142857142857
82	T	2	0.015037593984962405
84	A	2	0.015037593984962405
84	C	4	0.03007518796992481
84	T	2	0.015037593984962405
85	G	1	0.007518796992481203
86	T	1	0.007518796992481203
87	G	27	0.20300751879699247
88	A	2	0.015037593984962405
88	C	1	0.007518796992481203
88	T	1	0.007518796992481203
89	C	1	0.007518796992481203
90	G	16	0.12030075187969924
90	T	31	0.23308270676691728
91	A	1	0.007518796992481203
91	C	10	0.07518796992481203
91	T	40	0.3007518796992481
92	T	2	0.015037593984962405
93	C	1	0.007518796992481203
93	G	41	0.3082706766917293
94	G	39	0.2932330827067669
95	A	1	0.007518796992481203
95	T	2	0.015037593984962405
96	G	29	0.21804511278195488
97	G	2	0.015037593984962405
97	T	1	0.007518796992481203
99	C	6	0.045112781954887216
99	T	3	0.022556390977443608
100	G	3	0.022556390977443608
101	A	1	0.007518796992481203
101	T	1	0.007518796992481203
102	C	2	0.015037593984962405
102	G	4	0.03007518796992481
104	T	19	0.14285714285714285
105	C	1	0.007518796992481203
113	G	1	0.007518796992481203
115	G	2	0.015037593984962405
115	T	1	0.007518796992481203
116	A	1	0.007518796992481203
117	A	1	0.007518796992481203
117	C	1	0.007518796992481203
118	A	1	0.007518796992481203
119	C	4	0.03007518796992481
120	A	1	0.007518796992481203
125	A	1	0.007518796992481203
126	C	1	0.007518796992481203
127	C	1	0.007518796992481203
127	G	1	0.007518796992481203
128	A	11	0.08270676691729323
129	A	1	0.007518796992481203
131	A	7	0.05263157894736842
131	C	4	0.03007518796992481
131	T	28	0.21052631578947367
133	C	1	0.007518796992481203
137	A	25	0.18796992481203006
137	T	3	0.022556390977443608
141	A	1	0.007518796992481203
142	A	1	0.007518796992481203
143	A	1	0.007518796992481203
144	A	1	0.007518796992481203
144	C	2	0.015037593984962405
147	A	105	0.7894736842105263
148	C	2	0.015037593984962405
149	A	1	0.007518796992481203
149	C	3	0.022556390977443608
150	C	29	0.21804511278195488
150	T	1	0.007518796992481203
152	C	3	0.022556390977443608
153	G	2	0.015037593984962405
154	C	1	0.007518796992481203
154	G	1	0.007518796992481203
154	T	1	0.007518796992481203
155	C	5	0.03759398496240601
156	C	29	0.21804511278195488
156	G	1	0.007518796992481203
157	A	39	0.2932330827067669
157	T	2	0.015037593984962405
158	G	1	0.007518796992481203
158	T	2	0.015037593984962405
159	A	11	0.08270676691729323
160	A	3	0.022556390977443608
160	C	24	0.18045112781954886
161	C	39	0.2932330827067669
162	A	4	0.03007518796992481
162	T	39	0.2932330827067669
163	A	40	0.3007518796992481
164	A	1	0.007518796992481203
164	G	4	0.03007518796992481
165	C	7	0.05263157894736842
165	G	1	0.007518796992481203
166	A	5	0.03759398496240601
166	C	16	0.12030075187969924
166	T	34	0.2556390977443609
167	T	2	0.015037593984962405
171	A	27	0.20300751879699247
171	C	1	0.007518796992481203
171	G	1	0.007518796992481203
172	G	1	0.007518796992481203
173	A	1	0.007518796992481203
173	T	1	0.007518796992481203
174	C	4	0.03007518796992481
174	G	1	0.007518796992481203
175	C	1	0.007518796992481203
176	T	10	0.07518796992481203
177	C	7	0.05263157894736842
178	A	1	0.007518796992481203
179	C	5	0.03759398496240601
184	A	1	0.007518796992481203
184	G	1	0.007518796992481203
185	C	1	0.007518796992481203
186	C	1	0.007518796992481203
187	C	2	0.015037593984962405
189	C	1	0.007518796992481203
190	G	2	0.015037593984962405
190	T	1	0.007518796992481203
191	A	1	0.007518796992481203
195	A	3	0.022556390977443608
196	A	2	0.015037593984962405
197	G	1	0.007518796992481203
199	C	1	0.007518796992481203
202	G	29	0.21804511278195488
202	T	40	0.3007518796992481
203	T	1	0.007518796992481203
206	A	1	0.007518796992481203
209	T	3	0.022556390977443608
210	C	1	0.007518796992481203
212	C	2	0.015037593984962405
212	G	2	0.015037593984962405
213	C	1	0.007518796992481203
214	C	1	0.007518796992481203
216	C	1	0.007518796992481203
216	G	2	0.015037593984962405
217	C	11	0.08270676691729323
217	G	5	0.03759398496240601
217	T	3	0.022556390977443608
218	C	28	0.21052631578947367
218	G	1	0.007518796992481203
219	C	1	0.007518796992481203
220	T	1	0.007518796992481203
221	A	2	0.015037593984962405
223	C	2	0.015037593984962405
224	C	2	0.015037593984962405
225	G	27	0.20300751879699247
226	G	17	0.12781954887218044
227	A	1	0.007518796992481203
227	T	15	0.11278195488721804
229	A	1	0.007518796992481203
229	T	4	0.03007518796992481
230	A	4	0.03007518796992481
230	C	44	0.3308270676691729
230	T	2	0.015037593984962405
231	G	32	0.24060150375939848
233	C	2	0.015037593984962405
233	T	4	0.03007518796992481
234	A	29	0.21804511278195488
234	C	5	0.03759398496240601
234	G	40	0.3007518796992481
235	C	8	0.06015037593984962
235	T	5	0.03759398496240601
236	C	1	0.007518796992481203
236	G	4	0.03007518796992481
237	A	1	0.007518796992481203
237	G	1	0.007518796992481203
237	T	11	0.08270676691729323
238	C	1	0.007518796992481203
239	C	1	0.007518796992481203
239	G	2	0.015037593984962405
241	G	1	0.007518796992481203
242	G	3	0.022556390977443608
244	C	1	0.007518796992481203
245	A	2	0.015037593984962405
245	C	1	0.007518796992481203
247	C	2	0.015037593984962405
247	G	6	0.045112781954887216
249	G	1	0.007518796992481203
250	C	1	0.007518796992481203
251	T	2	0.015037593984962405
252	A	1	0.007518796992481203
255	C	4	0.03007518796992481
257	C	1	0.007518796992481203
257	G	2	0.015037593984962405
257	T	1	0.007518796992481203
258	A	7	0.05263157894736842
259	G	2	0.015037593984962405
259	T	2	0.015037593984962405
260	A	1	0.007518796992481203
262	C	1	0.007518796992481203
262	G	1	0.007518796992481203
263	A	45	0.3383458646616541
263	C	8	0.06015037593984962
265	G	1	0.007518796992481203
267	G	1	0.007518796992481203
272	T	1	0.007518796992481203
273	A	7	0.05263157894736842
274	C	1	0.007518796992481203
275	A	7	0.05263157894736842
275	C	46	0.3458646616541353
275	T	1	0.007518796992481203
276	C	1	0.007518796992481203
278	C	29	0.21804511278195488
278	G	1	0.007518796992481203
280	G	1	0.007518796992481203
281	T	35	0.2631578947368421
282	C	1	0.007518796992481203
284	C	1	0.007518796992481203
284	G	1	0.007518796992481203
285	T	8	0.06015037593984962
286	T	2	0.015037593984962405
287	A	1	0.007518796992481203
287	C	29	0.21804511278195488
