Position	Nucleotide	Multiplicity	Frequency
50	A	18	0.08411214953271028
54	C	6	0.028037383177570093
54	G	1	0.004672897196261682
55	C	1	0.004672897196261682
55	G	1	0.004672897196261682
56	A	1	0.004672897196261682
57	C	1	0.004672897196261682
59	T	2	0.009345794392523364
60	C	2	0.009345794392523364
61	T	1	0.004672897196261682
62	T	1	0.004672897196261682
67	G	3	0.014018691588785047
69	A	1	0.004672897196261682
70	A	1	0.004672897196261682
70	G	1	0.004672897196261682
71	A	17	0.0794392523364486
71	C	8	0.037383177570093455
73	T	1	0.004672897196261682
74	C	6	0.028037383177570093
75	T	1	0.004672897196261682
76	T	2	0.009345794392523364
77	C	6	0.028037383177570093
77	G	15	0.07009345794392523
77	T	2	0.009345794392523364
78	A	1	0.004672897196261682
78	T	3	0.014018691588785047
79	A	8	0.037383177570093455
79	T	1	0.004672897196261682
80	T	2	0.009345794392523364
81	C	1	0.004672897196261682
81	G	2	0.009345794392523364
81	T	3	0.014018691588785047
82	A	9	0.04205607476635514
82	T	2	0.009345794392523364
83	A	10	0.04672897196261682
84	C	1	0.004672897196261682
86	T	1	0.004672897196261682
87	C	9	0.04205607476635514
87	G	5	0.02336448598130841
88	A	32	0.14953271028037382
88	C	6	0.028037383177570093
88	T	3	0.014018691588785047
89	A	1	0.004672897196261682
89	G	32	0.14953271028037382
89	T	6	0.028037383177570093
90	G	6	0.028037383177570093
91	A	39	0.1822429906542056
91	C	18	0.08411214953271028
91	T	17	0.0794392523364486
92	A	5	0.02336448598130841
92	G	3	0.014018691588785047
92	T	23	0.10747663551401869
93	A	3	0.014018691588785047
93	C	2	0.009345794392523364
94	T	32	0.14953271028037382
95	C	8	0.037383177570093455
96	A	46	0.21495327102803738
96	C	4	0.018691588785046728
96	T	18	0.08411214953271028
97	G	23	0.10747663551401869
97	T	7	0.03271028037383177
98	C	1	0.004672897196261682
98	G	3	0.014018691588785047
99	C	17	0.0794392523364486
99	G	49	0.22897196261682243
100	C	1	0.004672897196261682
101	G	7	0.03271028037383177
101	T	2	0.009345794392523364
102	C	2	0.009345794392523364
102	G	2	0.009345794392523364
102	T	1	0.004672897196261682
103	A	19	0.08878504672897196
103	C	49	0.22897196261682243
103	T	1	0.004672897196261682
104	T	22	0.102803738317757
106	T	1	0.004672897196261682
107	T	1	0.004672897196261682
108	T	1	0.004672897196261682
110	A	2	0.009345794392523364
110	C	3	0.014018691588785047
110	T	1	0.004672897196261682
111	T	2	0.009345794392523364
112	T	1	0.004672897196261682
113	C	1	0.004672897196261682
113	G	19	0.08878504672897196
113	T	3	0.014018691588785047
114	G	3	0.014018691588785047
114	T	2	0.009345794392523364
115	T	4	0.018691588785046728
116	C	1	0.004672897196261682
116	T	4	0.018691588785046728
117	A	1	0.004672897196261682
117	C	3	0.014018691588785047
117	T	2	0.009345794392523364
118	A	1	0.004672897196261682
118	T	1	0.004672897196261682
119	A	2	0.009345794392523364
119	T	1	0.004672897196261682
120	A	1	0.004672897196261682
121	T	1	0.004672897196261682
122	C	6	0.028037383177570093
122	G	7	0.03271028037383177
123	A	2	0.009345794392523364
125	G	1	0.004672897196261682
126	G	7	0.03271028037383177
127	G	7	0.03271028037383177
128	C	2	0.009345794392523364
128	G	5	0.02336448598130841
130	C	1	0.004672897196261682
131	A	14	0.06542056074766354
131	C	21	0.09813084112149532
132	G	1	0.004672897196261682
132	T	2	0.009345794392523364
133	A	1	0.004672897196261682
133	C	4	0.018691588785046728
133	G	1	0.004672897196261682
134	A	1	0.004672897196261682
134	C	1	0.004672897196261682
135	A	1	0.004672897196261682
136	C	10	0.04672897196261682
136	G	1	0.004672897196261682
137	A	3	0.014018691588785047
137	C	16	0.07476635514018691
138	C	2	0.009345794392523364
141	G	29	0.13551401869158877
141	T	17	0.0794392523364486
143	T	3	0.014018691588785047
145	C	2	0.009345794392523364
146	G	14	0.06542056074766354
146	T	1	0.004672897196261682
147	A	2	0.009345794392523364
147	C	5	0.02336448598130841
147	T	1	0.004672897196261682
148	A	1	0.004672897196261682
148	T	23	0.10747663551401869
149	A	49	0.22897196261682243
149	C	14	0.06542056074766354
149	T	1	0.004672897196261682
150	G	18	0.08411214953271028
151	C	1	0.004672897196261682
152	A	12	0.056074766355140186
152	T	9	0.04205607476635514
153	C	42	0.19626168224299065
153	G	43	0.20093457943925233
153	T	1	0.004672897196261682
154	C	17	0.0794392523364486
155	G	24	0.11214953271028037
156	G	20	0.09345794392523364
156	T	1	0.004672897196261682
157	T	1	0.004672897196261682
158	A	2	0.009345794392523364
158	C	39	0.1822429906542056
159	C	2	0.009345794392523364
159	G	6	0.028037383177570093
159	T	3	0.014018691588785047
160	A	3	0.014018691588785047
160	C	10	0.04672897196261682
160	G	29	0.13551401869158877
161	A	1	0.004672897196261682
161	G	30	0.14018691588785046
161	T	8	0.037383177570093455
162	A	5	0.02336448598130841
162	C	1	0.004672897196261682
162	G	28	0.1308411214953271
162	T	4	0.018691588785046728
163	A	21	0.09813084112149532
163	C	25	0.11682242990654206
163	G	1	0.004672897196261682
164	C	21	0.09813084112149532
165	A	5	0.02336448598130841
165	C	21	0.09813084112149532
165	T	3	0.014018691588785047
166	A	11	0.0514018691588785
166	C	21	0.09813084112149532
166	T	6	0.028037383177570093
167	A	6	0.028037383177570093
167	C	50	0.2336448598130841
168	C	4	0.018691588785046728
168	G	1	0.004672897196261682
168	T	32	0.14953271028037382
169	A	1	0.004672897196261682
169	C	6	0.028037383177570093
169	T	1	0.004672897196261682
170	G	3	0.014018691588785047
171	A	66	0.308411214953271
171	C	59	0.2757009345794392
171	T	1	0.004672897196261682
172	G	5	0.02336448598130841
172	T	25	0.11682242990654206
173	C	4	0.018691588785046728
173	G	8	0.037383177570093455
174	G	54	0.2523364485981308
175	C	1	0.004672897196261682
175	G	1	0.004672897196261682
176	A	3	0.014018691588785047
176	G	31	0.14485981308411214
176	T	65	0.3037383177570093
177	A	1	0.004672897196261682
178	C	2	0.009345794392523364
178	G	1	0.004672897196261682
179	T	3	0.014018691588785047
180	A	1	0.004672897196261682
180	T	1	0.004672897196261682
182	C	4	0.018691588785046728
182	G	3	0.014018691588785047
184	C	1	0.004672897196261682
184	G	2	0.009345794392523364
184	T	3	0.014018691588785047
185	A	3	0.014018691588785047
187	C	8	0.037383177570093455
187	G	71	0.3317757009345794
188	A	5	0.02336448598130841
188	T	32	0.14953271028037382
190	A	2	0.009345794392523364
190	C	2	0.009345794392523364
191	G	1	0.004672897196261682
191	T	27	0.1261682242990654
192	A	3	0.014018691588785047
193	G	3	0.014018691588785047
193	T	1	0.004672897196261682
194	A	1	0.004672897196261682
194	C	2	0.009345794392523364
196	A	34	0.1588785046728972
196	C	3	0.014018691588785047
196	T	1	0.004672897196261682
197	A	1	0.004672897196261682
199	A	1	0.004672897196261682
200	C	1	0.004672897196261682
200	G	1	0.004672897196261682
201	C	53	0.24766355140186916
202	C	1	0.004672897196261682
203	A	2	0.009345794392523364
203	G	29	0.13551401869158877
203	T	15	0.07009345794392523
205	A	1	0.004672897196261682
205	G	1	0.004672897196261682
205	T	1	0.004672897196261682
206	A	20	0.09345794392523364
206	C	35	0.16355140186915887
206	T	5	0.02336448598130841
207	C	1	0.004672897196261682
207	T	10	0.04672897196261682
208	C	2	0.009345794392523364
208	G	1	0.004672897196261682
209	A	2	0.009345794392523364
209	C	21	0.09813084112149532
209	G	3	0.014018691588785047
210	C	2	0.009345794392523364
210	G	1	0.004672897196261682
211	A	1	0.004672897196261682
211	G	3	0.014018691588785047
211	T	17	0.0794392523364486
212	G	3	0.014018691588785047
212	T	5	0.02336448598130841
214	T	3	0.014018691588785047
215	C	2	0.009345794392523364
215	T	1	0.004672897196261682
216	T	1	0.004672897196261682
217	C	8	0.037383177570093455
218	T	1	0.004672897196261682
219	A	17	0.0794392523364486
219	G	2	0.009345794392523364
220	C	13	0.06074766355140187
220	G	6	0.028037383177570093
221	C	9	0.04205607476635514
221	G	35	0.16355140186915887
222	C	13	0.06074766355140187
222	G	10	0.04672897196261682
223	A	1	0.004672897196261682
223	T	13	0.06074766355140187
224	A	1	0.004672897196261682
224	G	2	0.009345794392523364
225	C	3	0.014018691588785047
225	G	26	0.12149532710280374
226	G	21	0.09813084112149532
226	T	1	0.004672897196261682
227	A	2	0.009345794392523364
227	T	2	0.009345794392523364
228	C	1	0.004672897196261682
228	G	7	0.03271028037383177
229	A	33	0.1542056074766355
229	C	12	0.056074766355140186
229	T	21	0.09813084112149532
230	G	24	0.11214953271028037
230	T	1	0.004672897196261682
231	C	2	0.009345794392523364
231	G	3	0.014018691588785047
232	T	17	0.0794392523364486
233	C	3	0.014018691588785047
233	G	3	0.014018691588785047
234	A	3	0.014018691588785047
235	G	2	0.009345794392523364
235	T	34	0.1588785046728972
236	A	2	0.009345794392523364
236	G	37	0.17289719626168223
237	A	2	0.009345794392523364
237	C	64	0.29906542056074764
238	C	21	0.09813084112149532
238	T	1	0.004672897196261682
239	A	1	0.004672897196261682
239	G	21	0.09813084112149532
239	T	11	0.0514018691588785
240	C	3	0.014018691588785047
240	G	2	0.009345794392523364
240	T	4	0.018691588785046728
241	C	1	0.004672897196261682
242	A	1	0.004672897196261682
242	T	1	0.004672897196261682
243	A	2	0.009345794392523364
243	C	1	0.004672897196261682
244	C	1	0.004672897196261682
245	A	103	0.48130841121495327
246	A	9	0.04205607476635514
246	G	5	0.02336448598130841
246	T	32	0.14953271028037382
247	C	1	0.004672897196261682
248	A	5	0.02336448598130841
248	T	2	0.009345794392523364
249	C	2	0.009345794392523364
250	A	1	0.004672897196261682
250	C	1	0.004672897196261682
251	A	8	0.037383177570093455
251	G	15	0.07009345794392523
251	T	1	0.004672897196261682
252	G	7	0.03271028037383177
253	A	6	0.028037383177570093
254	A	1	0.004672897196261682
254	T	12	0.056074766355140186
255	G	1	0.004672897196261682
256	G	1	0.004672897196261682
257	A	3	0.014018691588785047
257	C	2	0.009345794392523364
258	G	2	0.009345794392523364
259	A	12	0.056074766355140186
259	C	26	0.12149532710280374
260	C	4	0.018691588785046728
260	G	1	0.004672897196261682
260	T	21	0.09813084112149532
261	G	3	0.014018691588785047
263	G	17	0.0794392523364486
264	A	1	0.004672897196261682
264	T	1	0.004672897196261682
265	G	2	0.009345794392523364
266	A	2	0.009345794392523364
266	C	15	0.07009345794392523
266	T	20	0.09345794392523364
267	T	1	0.004672897196261682
268	G	1	0.004672897196261682
269	A	2	0.009345794392523364
269	T	2	0.009345794392523364
270	G	1	0.004672897196261682
272	A	1	0.004672897196261682
272	T	1	0.004672897196261682
275	A	1	0.004672897196261682
276	A	30	0.14018691588785046
276	C	1	0.004672897196261682
276	T	1	0.004672897196261682
277	G	3	0.014018691588785047
278	A	59	0.2757009345794392
278	C	47	0.21962616822429906
278	T	10	0.04672897196261682
279	G	1	0.004672897196261682
281	C	8	0.037383177570093455
282	C	1	0.004672897196261682
283	T	7	0.03271028037383177
284	A	1	0.004672897196261682
284	T	11	0.0514018691588785
285	G	1	0.004672897196261682
286	T	1	0.004672897196261682
287	A	1	0.004672897196261682
287	C	1	0.004672897196261682
287	G	3	0.014018691588785047
289	T	12	0.056074766355140186
290	C	1	0.004672897196261682
