Position	Nucleotide	Multiplicity	Frequency
45	G	49	0.05499438832772166
48	C	1	0.001122334455667789
49	T	1	0.001122334455667789
50	T	1	0.001122334455667789
51	A	1	0.001122334455667789
51	T	1	0.001122334455667789
53	A	3	0.003367003367003367
53	T	1	0.001122334455667789
54	G	1	0.001122334455667789
54	T	2	0.002244668911335578
56	C	1	0.001122334455667789
57	A	2	0.002244668911335578
57	T	4	0.004489337822671156
58	C	3	0.003367003367003367
60	C	3	0.003367003367003367
61	T	1	0.001122334455667789
62	A	1	0.001122334455667789
62	T	1	0.001122334455667789
64	A	3	0.003367003367003367
65	C	9	0.010101010101010102
66	A	3	0.003367003367003367
66	C	1	0.001122334455667789
67	A	6	0.006734006734006734
67	G	18	0.020202020202020204
67	T	57	0.06397306397306397
68	C	20	0.02244668911335578
68	G	55	0.06172839506172839
68	T	1	0.001122334455667789
69	A	44	0.04938271604938271
69	C	2	0.002244668911335578
70	G	36	0.04040404040404041
70	T	28	0.031425364758698095
71	A	3	0.003367003367003367
71	C	35	0.03928170594837262
71	T	7	0.007856341189674524
72	A	1	0.001122334455667789
72	C	8	0.008978675645342313
72	G	3	0.003367003367003367
73	T	2	0.002244668911335578
74	A	50	0.05611672278338945
74	C	10	0.01122334455667789
74	G	17	0.019079685746352413
75	A	4	0.004489337822671156
75	C	1	0.001122334455667789
76	A	8	0.008978675645342313
76	C	33	0.037037037037037035
77	G	25	0.028058361391694726
77	T	1	0.001122334455667789
78	A	1	0.001122334455667789
78	C	54	0.06060606060606061
79	A	1	0.001122334455667789
79	C	10	0.01122334455667789
80	A	21	0.02356902356902357
80	T	5	0.005611672278338945
81	C	97	0.10886644219977554
81	G	5	0.005611672278338945
81	T	1	0.001122334455667789
82	A	61	0.06846240179573512
82	G	60	0.06734006734006734
82	T	39	0.04377104377104377
83	A	16	0.017957351290684626
83	G	49	0.05499438832772166
83	T	27	0.030303030303030304
84	C	14	0.015712682379349047
85	C	2	0.002244668911335578
86	A	3	0.003367003367003367
86	T	41	0.04601571268237935
87	C	2	0.002244668911335578
87	G	210	0.2356902356902357
87	T	2	0.002244668911335578
88	A	118	0.1324354657687991
88	C	38	0.04264870931537598
89	A	45	0.050505050505050504
89	C	119	0.1335578002244669
89	G	82	0.0920314253647587
90	C	33	0.037037037037037035
90	G	115	0.12906846240179573
90	T	37	0.04152637485970819
91	A	318	0.3569023569023569
91	C	202	0.22671156004489337
91	T	33	0.037037037037037035
92	A	17	0.019079685746352413
92	G	14	0.015712682379349047
92	T	131	0.14702581369248036
93	A	6	0.006734006734006734
93	C	191	0.2143658810325477
94	C	27	0.030303030303030304
94	T	43	0.04826038159371493
95	C	47	0.052749719416386086
95	G	1	0.001122334455667789
96	A	34	0.038159371492704826
96	C	89	0.09988776655443322
96	T	15	0.016835016835016835
97	A	22	0.024691358024691357
97	C	204	0.22895622895622897
97	G	61	0.06846240179573512
97	T	33	0.037037037037037035
98	A	39	0.04377104377104377
98	C	86	0.09652076318742986
98	G	6	0.006734006734006734
98	T	22	0.024691358024691357
99	C	44	0.04938271604938271
99	G	34	0.038159371492704826
99	T	85	0.09539842873176206
100	A	1	0.001122334455667789
101	A	193	0.2166105499438833
101	C	57	0.06397306397306397
101	T	1	0.001122334455667789
102	A	27	0.030303030303030304
102	T	45	0.050505050505050504
103	C	1	0.001122334455667789
103	G	5	0.005611672278338945
104	A	12	0.013468013468013467
104	T	1	0.001122334455667789
105	A	1	0.001122334455667789
105	C	8	0.008978675645342313
106	A	1	0.001122334455667789
106	T	1	0.001122334455667789
107	A	2	0.002244668911335578
107	C	1	0.001122334455667789
108	A	1	0.001122334455667789
108	C	2	0.002244668911335578
108	T	1	0.001122334455667789
109	C	5	0.005611672278338945
110	G	6	0.006734006734006734
110	T	3	0.003367003367003367
111	A	1	0.001122334455667789
111	T	5	0.005611672278338945
112	A	7	0.007856341189674524
112	C	1	0.001122334455667789
112	T	1	0.001122334455667789
113	G	15	0.016835016835016835
113	T	4	0.004489337822671156
115	C	1	0.001122334455667789
115	G	12	0.013468013468013467
116	A	1	0.001122334455667789
116	C	1	0.001122334455667789
117	A	3	0.003367003367003367
117	C	3	0.003367003367003367
117	T	18	0.020202020202020204
118	G	20	0.02244668911335578
118	T	1	0.001122334455667789
119	A	21	0.02356902356902357
119	C	20	0.02244668911335578
119	G	9	0.010101010101010102
120	A	1	0.001122334455667789
120	T	1	0.001122334455667789
121	A	4	0.004489337822671156
122	C	2	0.002244668911335578
122	G	11	0.012345679012345678
123	A	3	0.003367003367003367
123	C	1	0.001122334455667789
124	A	62	0.06958473625140292
125	A	1	0.001122334455667789
125	G	30	0.03367003367003367
125	T	1	0.001122334455667789
126	C	1	0.001122334455667789
126	G	1	0.001122334455667789
127	C	6	0.006734006734006734
127	G	83	0.0931537598204265
128	A	2	0.002244668911335578
129	C	8	0.008978675645342313
130	A	2	0.002244668911335578
130	T	1	0.001122334455667789
131	A	61	0.06846240179573512
132	A	1	0.001122334455667789
132	T	23	0.025813692480359147
133	C	2	0.002244668911335578
134	A	9	0.010101010101010102
134	G	85	0.09539842873176206
135	A	3	0.003367003367003367
135	C	13	0.014590347923681257
136	C	13	0.014590347923681257
136	G	9	0.010101010101010102
137	A	34	0.038159371492704826
137	C	2	0.002244668911335578
137	T	10	0.01122334455667789
138	A	1	0.001122334455667789
138	C	5	0.005611672278338945
138	G	1	0.001122334455667789
139	A	2	0.002244668911335578
139	C	1	0.001122334455667789
140	A	3	0.003367003367003367
140	T	2	0.002244668911335578
141	A	2	0.002244668911335578
141	C	15	0.016835016835016835
141	T	2	0.002244668911335578
142	A	2	0.002244668911335578
142	C	6	0.006734006734006734
143	A	2	0.002244668911335578
143	C	38	0.04264870931537598
143	T	25	0.028058361391694726
144	A	49	0.05499438832772166
144	C	3	0.003367003367003367
144	T	3	0.003367003367003367
145	A	1	0.001122334455667789
145	G	24	0.026936026936026935
145	T	1	0.001122334455667789
146	C	39	0.04377104377104377
146	G	47	0.052749719416386086
146	T	64	0.0718294051627385
147	A	30	0.03367003367003367
147	C	138	0.15488215488215487
147	G	4	0.004489337822671156
147	T	22	0.024691358024691357
148	A	4	0.004489337822671156
148	C	83	0.0931537598204265
148	G	78	0.08754208754208755
149	A	27	0.030303030303030304
149	C	18	0.020202020202020204
149	G	10	0.01122334455667789
150	C	19	0.02132435465768799
150	G	132	0.14814814814814814
150	T	11	0.012345679012345678
151	C	70	0.07856341189674523
151	G	2	0.002244668911335578
152	C	79	0.08866442199775533
152	G	110	0.12345679012345678
152	T	122	0.13692480359147025
153	A	3	0.003367003367003367
153	C	4	0.004489337822671156
153	G	10	0.01122334455667789
153	T	31	0.03479236812570146
154	A	45	0.050505050505050504
154	C	22	0.024691358024691357
154	G	11	0.012345679012345678
154	T	19	0.02132435465768799
155	A	11	0.012345679012345678
155	C	47	0.052749719416386086
155	G	36	0.04040404040404041
155	T	79	0.08866442199775533
156	A	38	0.04264870931537598
156	C	73	0.0819304152637486
156	G	23	0.025813692480359147
157	C	86	0.09652076318742986
157	G	6	0.006734006734006734
157	T	69	0.07744107744107744
158	A	1	0.001122334455667789
158	C	42	0.04713804713804714
158	G	13	0.014590347923681257
159	A	39	0.04377104377104377
159	C	13	0.014590347923681257
159	T	15	0.016835016835016835
160	C	2	0.002244668911335578
160	G	13	0.014590347923681257
160	T	11	0.012345679012345678
161	A	24	0.026936026936026935
161	C	21	0.02356902356902357
161	G	1	0.001122334455667789
162	A	5	0.005611672278338945
162	T	3	0.003367003367003367
163	C	37	0.04152637485970819
163	T	26	0.029180695847362513
164	C	6	0.006734006734006734
164	G	71	0.07968574635241302
164	T	3	0.003367003367003367
165	C	12	0.013468013468013467
165	G	125	0.14029180695847362
165	T	61	0.06846240179573512
166	A	197	0.22109988776655443
166	C	80	0.08978675645342311
166	T	99	0.1111111111111111
167	A	11	0.012345679012345678
167	C	239	0.26823793490460157
167	G	191	0.2143658810325477
168	C	66	0.07407407407407407
168	G	204	0.22895622895622897
168	T	61	0.06846240179573512
169	C	6	0.006734006734006734
169	G	129	0.1447811447811448
169	T	50	0.05611672278338945
170	A	103	0.11560044893378227
170	C	35	0.03928170594837262
170	G	62	0.06958473625140292
171	C	90	0.10101010101010101
171	G	140	0.15712682379349047
171	T	18	0.020202020202020204
172	C	60	0.06734006734006734
172	G	24	0.026936026936026935
173	C	28	0.031425364758698095
173	G	137	0.1537598204264871
173	T	7	0.007856341189674524
174	A	60	0.06734006734006734
174	C	36	0.04040404040404041
174	G	40	0.04489337822671156
175	C	27	0.030303030303030304
175	G	1	0.001122334455667789
175	T	131	0.14702581369248036
176	G	8	0.008978675645342313
176	T	145	0.1627384960718294
177	A	27	0.030303030303030304
177	C	37	0.04152637485970819
178	C	7	0.007856341189674524
178	G	2	0.002244668911335578
178	T	28	0.031425364758698095
179	C	19	0.02132435465768799
179	T	47	0.052749719416386086
180	A	28	0.031425364758698095
180	C	7	0.007856341189674524
181	G	94	0.10549943883277217
181	T	16	0.017957351290684626
182	C	32	0.03591470258136925
182	G	37	0.04152637485970819
182	T	18	0.020202020202020204
183	A	1	0.001122334455667789
183	C	1	0.001122334455667789
183	T	12	0.013468013468013467
184	C	5	0.005611672278338945
184	G	4	0.004489337822671156
184	T	1	0.001122334455667789
185	G	30	0.03367003367003367
185	T	20	0.02244668911335578
186	A	2	0.002244668911335578
186	C	14	0.015712682379349047
186	G	6	0.006734006734006734
187	A	2	0.002244668911335578
187	T	22	0.024691358024691357
188	A	7	0.007856341189674524
188	T	4	0.004489337822671156
189	A	1	0.001122334455667789
189	C	38	0.04264870931537598
189	T	8	0.008978675645342313
190	C	30	0.03367003367003367
191	A	39	0.04377104377104377
191	T	3	0.003367003367003367
192	C	9	0.010101010101010102
192	G	26	0.029180695847362513
192	T	1	0.001122334455667789
193	C	69	0.07744107744107744
193	G	129	0.1447811447811448
193	T	3	0.003367003367003367
194	A	2	0.002244668911335578
194	C	1	0.001122334455667789
195	A	1	0.001122334455667789
196	A	9	0.010101010101010102
196	C	2	0.002244668911335578
196	T	2	0.002244668911335578
197	G	2	0.002244668911335578
197	T	1	0.001122334455667789
198	A	1	0.001122334455667789
198	T	2	0.002244668911335578
199	A	4	0.004489337822671156
200	C	41	0.04601571268237935
200	G	42	0.04713804713804714
201	A	1	0.001122334455667789
201	C	13	0.014590347923681257
201	G	23	0.025813692480359147
202	C	4	0.004489337822671156
202	G	1	0.001122334455667789
203	A	6	0.006734006734006734
203	G	1	0.001122334455667789
203	T	2	0.002244668911335578
204	C	7	0.007856341189674524
204	G	2	0.002244668911335578
204	T	2	0.002244668911335578
205	A	2	0.002244668911335578
205	G	24	0.026936026936026935
205	T	5	0.005611672278338945
206	A	3	0.003367003367003367
206	T	1	0.001122334455667789
207	C	2	0.002244668911335578
207	G	34	0.038159371492704826
208	C	4	0.004489337822671156
209	A	23	0.025813692480359147
209	G	1	0.001122334455667789
209	T	38	0.04264870931537598
210	A	7	0.007856341189674524
210	C	4	0.004489337822671156
210	G	5	0.005611672278338945
211	A	1	0.001122334455667789
211	T	2	0.002244668911335578
212	A	2	0.002244668911335578
212	T	31	0.03479236812570146
213	C	37	0.04152637485970819
213	G	3	0.003367003367003367
213	T	1	0.001122334455667789
214	A	16	0.017957351290684626
214	T	3	0.003367003367003367
215	C	3	0.003367003367003367
215	G	18	0.020202020202020204
216	A	8	0.008978675645342313
216	T	3	0.003367003367003367
217	C	4	0.004489337822671156
217	G	4	0.004489337822671156
218	A	1	0.001122334455667789
218	T	26	0.029180695847362513
219	C	1	0.001122334455667789
219	G	45	0.050505050505050504
220	C	66	0.07407407407407407
220	G	35	0.03928170594837262
220	T	35	0.03928170594837262
221	A	1	0.001122334455667789
221	C	84	0.09427609427609428
222	C	3	0.003367003367003367
222	G	4	0.004489337822671156
223	A	23	0.025813692480359147
223	G	2	0.002244668911335578
223	T	6	0.006734006734006734
224	A	2	0.002244668911335578
224	G	29	0.03254769921436588
224	T	1	0.001122334455667789
225	G	31	0.03479236812570146
225	T	1	0.001122334455667789
226	C	6	0.006734006734006734
226	G	42	0.04713804713804714
226	T	15	0.016835016835016835
227	A	9	0.010101010101010102
227	C	2	0.002244668911335578
227	T	1	0.001122334455667789
228	C	4	0.004489337822671156
228	G	94	0.10549943883277217
228	T	10	0.01122334455667789
229	C	5	0.005611672278338945
229	G	41	0.04601571268237935
229	T	1	0.001122334455667789
230	A	28	0.031425364758698095
230	G	18	0.020202020202020204
230	T	86	0.09652076318742986
231	C	8	0.008978675645342313
231	G	28	0.031425364758698095
231	T	9	0.010101010101010102
232	A	10	0.01122334455667789
232	T	31	0.03479236812570146
233	A	173	0.1941638608305275
233	C	30	0.03367003367003367
233	T	80	0.08978675645342311
234	A	1	0.001122334455667789
234	G	96	0.10774410774410774
234	T	73	0.0819304152637486
235	C	1	0.001122334455667789
235	G	5	0.005611672278338945
236	A	139	0.15600448933782268
236	C	130	0.14590347923681257
236	T	24	0.026936026936026935
237	C	37	0.04152637485970819
237	G	3	0.003367003367003367
238	C	63	0.0707070707070707
238	G	3	0.003367003367003367
238	T	146	0.1638608305274972
239	A	1	0.001122334455667789
239	C	24	0.026936026936026935
239	G	2	0.002244668911335578
240	A	2	0.002244668911335578
240	G	20	0.02244668911335578
240	T	141	0.15824915824915825
241	C	2	0.002244668911335578
241	G	5	0.005611672278338945
242	A	27	0.030303030303030304
242	C	38	0.04264870931537598
242	T	17	0.019079685746352413
243	A	2	0.002244668911335578
243	G	75	0.08417508417508418
244	G	32	0.03591470258136925
245	C	1	0.001122334455667789
245	G	64	0.0718294051627385
245	T	1	0.001122334455667789
246	C	2	0.002244668911335578
246	G	15	0.016835016835016835
246	T	21	0.02356902356902357
247	C	2	0.002244668911335578
247	G	4	0.004489337822671156
248	A	20	0.02244668911335578
248	C	4	0.004489337822671156
248	T	1	0.001122334455667789
249	C	12	0.013468013468013467
249	G	4	0.004489337822671156
249	T	2	0.002244668911335578
250	C	35	0.03928170594837262
250	G	76	0.08529741863075196
250	T	2	0.002244668911335578
251	A	4	0.004489337822671156
251	T	81	0.09090909090909091
252	C	3	0.003367003367003367
252	G	25	0.028058361391694726
253	A	19	0.02132435465768799
253	C	13	0.014590347923681257
253	T	2	0.002244668911335578
254	A	9	0.010101010101010102
254	T	60	0.06734006734006734
255	A	13	0.014590347923681257
255	G	13	0.014590347923681257
255	T	32	0.03591470258136925
256	A	1	0.001122334455667789
256	C	3	0.003367003367003367
257	A	3	0.003367003367003367
257	C	21	0.02356902356902357
257	T	17	0.019079685746352413
258	C	6	0.006734006734006734
258	G	29	0.03254769921436588
259	A	2	0.002244668911335578
259	C	19	0.02132435465768799
259	T	5	0.005611672278338945
260	C	1	0.001122334455667789
260	G	6	0.006734006734006734
261	A	106	0.11896745230078563
261	C	365	0.409652076318743
261	T	16	0.017957351290684626
262	A	3	0.003367003367003367
262	G	82	0.0920314253647587
262	T	117	0.13131313131313133
263	A	2	0.002244668911335578
263	C	53	0.05948372615039282
263	G	29	0.03254769921436588
264	A	5	0.005611672278338945
264	T	4	0.004489337822671156
265	C	1	0.001122334455667789
265	G	46	0.051627384960718295
266	A	125	0.14029180695847362
266	C	116	0.13019079685746351
266	T	5	0.005611672278338945
267	A	2	0.002244668911335578
267	T	2	0.002244668911335578
268	C	3	0.003367003367003367
268	G	5	0.005611672278338945
268	T	1	0.001122334455667789
269	A	11	0.012345679012345678
269	G	1	0.001122334455667789
269	T	12	0.013468013468013467
270	C	1	0.001122334455667789
270	G	53	0.05948372615039282
271	A	3	0.003367003367003367
272	A	5	0.005611672278338945
272	C	2	0.002244668911335578
272	T	1	0.001122334455667789
273	A	2	0.002244668911335578
273	T	11	0.012345679012345678
274	A	4	0.004489337822671156
274	G	34	0.038159371492704826
275	A	26	0.029180695847362513
275	C	2	0.002244668911335578
275	G	4	0.004489337822671156
276	A	95	0.10662177328843996
276	C	126	0.1414141414141414
276	T	4	0.004489337822671156
277	A	21	0.02356902356902357
277	C	36	0.04040404040404041
277	G	1	0.001122334455667789
278	A	204	0.22895622895622897
278	C	175	0.19640852974186307
278	T	69	0.07744107744107744
279	A	1	0.001122334455667789
279	C	1	0.001122334455667789
279	G	2	0.002244668911335578
280	C	1	0.001122334455667789
280	G	2	0.002244668911335578
280	T	33	0.037037037037037035
281	A	3	0.003367003367003367
281	C	56	0.06285072951739619
281	G	2	0.002244668911335578
282	C	1	0.001122334455667789
282	G	6	0.006734006734006734
283	C	4	0.004489337822671156
283	G	1	0.001122334455667789
283	T	121	0.13580246913580246
284	A	2	0.002244668911335578
284	T	230	0.25813692480359146
285	C	3	0.003367003367003367
286	A	1	0.001122334455667789
286	C	1	0.001122334455667789
286	T	2	0.002244668911335578
287	A	1	0.001122334455667789
287	C	39	0.04377104377104377
287	G	2	0.002244668911335578
288	A	10	0.01122334455667789
288	T	2	0.002244668911335578
289	A	3	0.003367003367003367
289	G	3	0.003367003367003367
289	T	40	0.04489337822671156
290	A	13	0.014590347923681257
290	T	2	0.002244668911335578
