Position	Nucleotide	Multiplicity	Frequency
47	A	2	0.0025940337224383916
48	C	1	0.0012970168612191958
49	T	2	0.0025940337224383916
50	T	3	0.0038910505836575876
51	T	2	0.0025940337224383916
54	G	2	0.0025940337224383916
54	T	1	0.0012970168612191958
55	A	1	0.0012970168612191958
56	G	2	0.0025940337224383916
57	A	2	0.0025940337224383916
57	T	1	0.0012970168612191958
58	C	4	0.005188067444876783
59	A	1	0.0012970168612191958
60	C	5	0.00648508430609598
61	T	1	0.0012970168612191958
63	C	3	0.0038910505836575876
64	A	2	0.0025940337224383916
65	C	10	0.01297016861219196
66	A	40	0.05188067444876784
67	A	61	0.07911802853437094
67	T	6	0.007782101167315175
68	G	22	0.028534370946822308
68	T	1	0.0012970168612191958
69	A	1	0.0012970168612191958
69	C	1	0.0012970168612191958
70	G	4	0.005188067444876783
70	T	3	0.0038910505836575876
72	C	5	0.00648508430609598
73	T	6	0.007782101167315175
74	A	1	0.0012970168612191958
74	C	83	0.10765239948119326
75	A	1	0.0012970168612191958
75	T	1	0.0012970168612191958
76	C	1	0.0012970168612191958
77	C	1	0.0012970168612191958
77	G	3	0.0038910505836575876
78	A	1	0.0012970168612191958
78	C	1	0.0012970168612191958
78	G	2	0.0025940337224383916
79	C	5	0.00648508430609598
79	G	1	0.0012970168612191958
80	T	23	0.029831387808041506
81	C	3	0.0038910505836575876
81	G	3	0.0038910505836575876
82	A	19	0.02464332036316472
82	G	12	0.01556420233463035
82	T	4	0.005188067444876783
83	A	29	0.03761348897535668
83	G	131	0.16990920881971466
83	T	52	0.06744487678339818
84	A	1	0.0012970168612191958
84	C	2	0.0025940337224383916
84	G	1	0.0012970168612191958
85	C	4	0.005188067444876783
86	A	1	0.0012970168612191958
86	C	75	0.09727626459143969
87	C	30	0.038910505836575876
87	G	17	0.02204928664072633
88	A	11	0.014267185473411154
88	C	175	0.22697795071335927
88	T	1	0.0012970168612191958
89	C	4	0.005188067444876783
89	G	32	0.041504539559014265
90	C	4	0.005188067444876783
90	G	11	0.014267185473411154
90	T	10	0.01297016861219196
91	A	35	0.04539559014267185
91	C	528	0.6848249027237354
91	T	14	0.018158236057068743
92	A	47	0.0609597924773022
92	G	56	0.07263294422827497
92	T	200	0.2594033722438392
93	C	14	0.018158236057068743
93	G	3	0.0038910505836575876
94	C	1	0.0012970168612191958
94	G	1	0.0012970168612191958
94	T	230	0.29831387808041504
95	C	79	0.10246433203631647
96	C	1	0.0012970168612191958
96	G	1	0.0012970168612191958
97	A	4	0.005188067444876783
97	C	2	0.0025940337224383916
97	T	2	0.0025940337224383916
98	A	15	0.019455252918287938
98	C	2	0.0025940337224383916
98	T	1	0.0012970168612191958
99	C	1	0.0012970168612191958
99	G	1	0.0012970168612191958
100	A	1	0.0012970168612191958
100	C	4	0.005188067444876783
101	A	2	0.0025940337224383916
102	C	1	0.0012970168612191958
102	G	3	0.0038910505836575876
102	T	1	0.0012970168612191958
103	A	539	0.6990920881971465
103	C	128	0.16601815823605706
103	T	2	0.0025940337224383916
104	G	23	0.029831387808041506
104	T	217	0.2814526588845655
105	C	10	0.01297016861219196
106	A	1	0.0012970168612191958
106	C	1	0.0012970168612191958
106	T	1	0.0012970168612191958
107	A	3	0.0038910505836575876
107	T	3	0.0038910505836575876
108	A	27	0.03501945525291829
109	C	33	0.042801556420233464
109	G	1	0.0012970168612191958
110	A	1	0.0012970168612191958
110	T	3	0.0038910505836575876
111	G	1	0.0012970168612191958
111	T	2	0.0025940337224383916
112	A	2	0.0025940337224383916
112	C	1	0.0012970168612191958
112	T	1	0.0012970168612191958
113	A	1	0.0012970168612191958
113	G	10	0.01297016861219196
113	T	1	0.0012970168612191958
114	G	2	0.0025940337224383916
114	T	2	0.0025940337224383916
115	C	1	0.0012970168612191958
115	G	1	0.0012970168612191958
116	A	1	0.0012970168612191958
116	C	15	0.019455252918287938
116	T	1	0.0012970168612191958
117	A	15	0.019455252918287938
117	C	1	0.0012970168612191958
117	T	3	0.0038910505836575876
118	G	1	0.0012970168612191958
118	T	1	0.0012970168612191958
119	C	20	0.02594033722438392
119	G	8	0.010376134889753566
120	A	1	0.0012970168612191958
120	T	1	0.0012970168612191958
121	A	2	0.0025940337224383916
121	T	1	0.0012970168612191958
122	C	4	0.005188067444876783
122	G	7	0.009079118028534372
122	T	18	0.023346303501945526
124	A	2	0.0025940337224383916
124	C	1	0.0012970168612191958
125	A	26	0.03372243839169909
125	C	94	0.1219195849546044
126	C	1	0.0012970168612191958
126	G	57	0.07392996108949416
127	G	60	0.07782101167315175
128	T	1	0.0012970168612191958
129	A	3	0.0038910505836575876
130	A	2	0.0025940337224383916
131	A	19	0.02464332036316472
131	C	1	0.0012970168612191958
131	T	21	0.027237354085603113
132	A	6	0.007782101167315175
132	T	1	0.0012970168612191958
133	A	1	0.0012970168612191958
133	C	12	0.01556420233463035
134	A	11	0.014267185473411154
134	C	14	0.018158236057068743
136	G	2	0.0025940337224383916
136	T	1	0.0012970168612191958
137	A	1	0.0012970168612191958
138	C	3	0.0038910505836575876
138	G	3	0.0038910505836575876
140	A	1	0.0012970168612191958
140	C	2	0.0025940337224383916
140	T	1	0.0012970168612191958
141	A	3	0.0038910505836575876
141	C	41	0.05317769130998703
142	A	2	0.0025940337224383916
142	C	3	0.0038910505836575876
142	G	1	0.0012970168612191958
143	A	1	0.0012970168612191958
143	C	3	0.0038910505836575876
143	T	2	0.0025940337224383916
144	A	2	0.0025940337224383916
144	C	2	0.0025940337224383916
144	T	4	0.005188067444876783
145	G	51	0.06614785992217899
145	T	1	0.0012970168612191958
146	A	6	0.007782101167315175
146	G	4	0.005188067444876783
146	T	2	0.0025940337224383916
147	C	15	0.019455252918287938
147	G	9	0.011673151750972763
147	T	5	0.00648508430609598
148	C	2	0.0025940337224383916
148	G	10	0.01297016861219196
148	T	6	0.007782101167315175
149	A	2	0.0025940337224383916
149	G	23	0.029831387808041506
149	T	11	0.014267185473411154
150	C	2	0.0025940337224383916
150	G	2	0.0025940337224383916
150	T	1	0.0012970168612191958
151	A	1	0.0012970168612191958
151	C	2	0.0025940337224383916
152	C	17	0.02204928664072633
152	G	1	0.0012970168612191958
152	T	17	0.02204928664072633
153	C	11	0.014267185473411154
153	G	2	0.0025940337224383916
154	C	2	0.0025940337224383916
154	G	15	0.019455252918287938
155	A	265	0.3437094682230869
155	C	3	0.0038910505836575876
155	T	3	0.0038910505836575876
156	A	1	0.0012970168612191958
156	G	12	0.01556420233463035
156	T	2	0.0025940337224383916
157	G	3	0.0038910505836575876
157	T	1	0.0012970168612191958
158	C	1	0.0012970168612191958
158	G	109	0.14137483787289234
158	T	18	0.023346303501945526
159	T	1	0.0012970168612191958
160	C	2	0.0025940337224383916
160	G	14	0.018158236057068743
161	A	1	0.0012970168612191958
161	C	116	0.1504539559014267
161	G	4	0.005188067444876783
162	A	2	0.0025940337224383916
163	A	1	0.0012970168612191958
163	C	1	0.0012970168612191958
164	C	1	0.0012970168612191958
164	G	44	0.057068741893644616
165	C	2	0.0025940337224383916
165	G	108	0.14007782101167315
165	T	1	0.0012970168612191958
166	A	9	0.011673151750972763
166	C	364	0.4721141374837873
167	A	3	0.0038910505836575876
167	C	20	0.02594033722438392
167	G	1	0.0012970168612191958
168	A	6	0.007782101167315175
168	T	1	0.0012970168612191958
169	C	4	0.005188067444876783
169	G	2	0.0025940337224383916
169	T	3	0.0038910505836575876
170	A	2	0.0025940337224383916
170	C	290	0.3761348897535668
170	T	4	0.005188067444876783
171	C	110	0.14267185473411154
171	G	114	0.14785992217898833
171	T	1	0.0012970168612191958
172	C	226	0.2931258106355383
172	G	8	0.010376134889753566
172	T	1	0.0012970168612191958
173	C	6	0.007782101167315175
173	G	102	0.13229571984435798
174	A	502	0.6511024643320363
174	C	111	0.14396887159533073
174	G	8	0.010376134889753566
175	C	10	0.01297016861219196
175	G	4	0.005188067444876783
175	T	1	0.0012970168612191958
176	A	27	0.03501945525291829
176	G	1	0.0012970168612191958
176	T	115	0.14915693904020752
177	C	2	0.0025940337224383916
178	G	1	0.0012970168612191958
179	A	1	0.0012970168612191958
179	C	45	0.058365758754863814
179	G	2	0.0025940337224383916
180	A	3	0.0038910505836575876
180	C	1	0.0012970168612191958
180	T	11	0.014267185473411154
181	C	84	0.10894941634241245
181	G	8	0.010376134889753566
182	A	49	0.06355382619974059
182	T	15	0.019455252918287938
183	C	1	0.0012970168612191958
184	C	13	0.016861219195849545
184	G	2	0.0025940337224383916
184	T	1	0.0012970168612191958
185	A	36	0.04669260700389105
185	T	2	0.0025940337224383916
186	C	2	0.0025940337224383916
186	G	11	0.014267185473411154
187	T	1	0.0012970168612191958
188	A	1	0.0012970168612191958
188	C	2	0.0025940337224383916
188	G	2	0.0025940337224383916
189	C	1	0.0012970168612191958
189	T	3	0.0038910505836575876
190	C	10	0.01297016861219196
190	G	2	0.0025940337224383916
191	A	31	0.040207522697795074
191	T	1	0.0012970168612191958
192	C	2	0.0025940337224383916
192	G	6	0.007782101167315175
192	T	2	0.0025940337224383916
193	C	2	0.0025940337224383916
193	G	246	0.31906614785992216
194	A	2	0.0025940337224383916
194	C	11	0.014267185473411154
196	C	2	0.0025940337224383916
196	T	4	0.005188067444876783
197	A	1	0.0012970168612191958
197	G	3	0.0038910505836575876
198	A	3	0.0038910505836575876
198	T	2	0.0025940337224383916
199	A	4	0.005188067444876783
199	T	1	0.0012970168612191958
200	C	13	0.016861219195849545
200	G	4	0.005188067444876783
200	T	2	0.0025940337224383916
201	C	1	0.0012970168612191958
201	G	32	0.041504539559014265
202	C	2	0.0025940337224383916
203	A	1	0.0012970168612191958
203	T	3	0.0038910505836575876
204	C	2	0.0025940337224383916
204	G	2	0.0025940337224383916
204	T	1	0.0012970168612191958
205	A	4	0.005188067444876783
205	G	79	0.10246433203631647
205	T	44	0.057068741893644616
206	T	5	0.00648508430609598
207	C	3	0.0038910505836575876
207	G	44	0.057068741893644616
208	A	1	0.0012970168612191958
208	C	4	0.005188067444876783
208	G	1	0.0012970168612191958
209	A	1	0.0012970168612191958
209	T	32	0.041504539559014265
210	A	3	0.0038910505836575876
210	C	7	0.009079118028534372
210	G	25	0.0324254215304799
212	A	4	0.005188067444876783
212	T	1	0.0012970168612191958
213	C	125	0.1621271076523995
213	G	2	0.0025940337224383916
214	A	1	0.0012970168612191958
214	T	1	0.0012970168612191958
215	C	11	0.014267185473411154
215	G	27	0.03501945525291829
215	T	1	0.0012970168612191958
216	A	1	0.0012970168612191958
216	T	2	0.0025940337224383916
217	C	4	0.005188067444876783
217	G	5	0.00648508430609598
218	A	2	0.0025940337224383916
219	C	2	0.0025940337224383916
219	G	5	0.00648508430609598
219	T	1	0.0012970168612191958
220	T	1	0.0012970168612191958
221	A	7	0.009079118028534372
221	T	38	0.04928664072632944
222	A	147	0.19066147859922178
222	C	14	0.018158236057068743
222	T	44	0.057068741893644616
223	A	3	0.0038910505836575876
223	G	135	0.17509727626459143
223	T	24	0.0311284046692607
224	A	2	0.0025940337224383916
224	T	2	0.0025940337224383916
225	C	80	0.10376134889753567
225	G	5	0.00648508430609598
225	T	10	0.01297016861219196
226	C	1	0.0012970168612191958
226	G	76	0.09857328145265888
227	A	60	0.07782101167315175
227	C	1	0.0012970168612191958
228	C	32	0.041504539559014265
228	G	1	0.0012970168612191958
229	C	2	0.0025940337224383916
229	G	50	0.0648508430609598
229	T	7	0.009079118028534372
230	A	39	0.05058365758754864
230	G	233	0.3022049286640726
230	T	116	0.1504539559014267
231	A	53	0.06874189364461739
231	C	2	0.0025940337224383916
231	G	12	0.01556420233463035
232	A	3	0.0038910505836575876
232	T	32	0.041504539559014265
233	C	31	0.040207522697795074
233	G	80	0.10376134889753567
233	T	2	0.0025940337224383916
234	G	166	0.21530479896238652
234	T	2	0.0025940337224383916
235	C	4	0.005188067444876783
235	G	7	0.009079118028534372
236	A	51	0.06614785992217899
236	C	22	0.028534370946822308
236	T	3	0.0038910505836575876
237	A	6	0.007782101167315175
237	C	15	0.019455252918287938
237	G	3	0.0038910505836575876
238	C	258	0.3346303501945525
238	G	1	0.0012970168612191958
238	T	109	0.14137483787289234
239	A	2	0.0025940337224383916
239	C	6	0.007782101167315175
239	G	9	0.011673151750972763
240	A	1	0.0012970168612191958
240	T	54	0.07003891050583658
241	A	1	0.0012970168612191958
241	C	2	0.0025940337224383916
241	G	2	0.0025940337224383916
242	A	20	0.02594033722438392
242	C	1	0.0012970168612191958
242	T	4	0.005188067444876783
243	A	2	0.0025940337224383916
243	G	103	0.13359273670557717
243	T	2	0.0025940337224383916
244	G	1	0.0012970168612191958
244	T	1	0.0012970168612191958
245	C	105	0.13618677042801555
245	G	30	0.038910505836575876
245	T	31	0.040207522697795074
246	G	3	0.0038910505836575876
247	C	1	0.0012970168612191958
247	G	2	0.0025940337224383916
248	A	3	0.0038910505836575876
248	C	92	0.11932555123216602
248	T	3	0.0038910505836575876
249	C	81	0.10505836575875487
249	G	41	0.05317769130998703
249	T	2	0.0025940337224383916
250	C	41	0.05317769130998703
250	G	216	0.2801556420233463
250	T	10	0.01297016861219196
251	A	3	0.0038910505836575876
251	T	64	0.08300907911802853
252	C	4	0.005188067444876783
252	G	83	0.10765239948119326
252	T	1	0.0012970168612191958
253	A	46	0.05966277561608301
253	C	29	0.03761348897535668
253	T	1	0.0012970168612191958
254	A	2	0.0025940337224383916
254	G	1	0.0012970168612191958
254	T	28	0.03631647211413749
255	A	1	0.0012970168612191958
255	G	93	0.12062256809338522
255	T	6	0.007782101167315175
256	C	2	0.0025940337224383916
256	G	5	0.00648508430609598
257	A	30	0.038910505836575876
257	C	8	0.010376134889753566
257	T	2	0.0025940337224383916
258	C	10	0.01297016861219196
258	G	39	0.05058365758754864
259	A	33	0.042801556420233464
259	C	77	0.09987029831387809
260	C	3	0.0038910505836575876
260	G	32	0.041504539559014265
260	T	2	0.0025940337224383916
261	A	1	0.0012970168612191958
261	C	28	0.03631647211413749
262	A	6	0.007782101167315175
262	G	52	0.06744487678339818
262	T	111	0.14396887159533073
263	A	2	0.0025940337224383916
264	A	3	0.0038910505836575876
264	T	2	0.0025940337224383916
265	G	19	0.02464332036316472
266	A	16	0.020752269779507133
266	C	61	0.07911802853437094
266	T	2	0.0025940337224383916
267	A	2	0.0025940337224383916
267	C	1	0.0012970168612191958
268	C	1	0.0012970168612191958
269	A	3	0.0038910505836575876
269	T	3	0.0038910505836575876
270	G	28	0.03631647211413749
270	T	34	0.04409857328145266
271	A	3	0.0038910505836575876
271	T	1	0.0012970168612191958
272	A	32	0.041504539559014265
272	T	1	0.0012970168612191958
273	A	16	0.020752269779507133
273	T	1	0.0012970168612191958
274	A	3	0.0038910505836575876
274	T	1	0.0012970168612191958
275	A	1	0.0012970168612191958
275	C	65	0.08430609597924774
276	A	79	0.10246433203631647
276	C	202	0.2619974059662776
276	T	20	0.02594033722438392
277	A	15	0.019455252918287938
277	C	4	0.005188067444876783
277	G	3	0.0038910505836575876
278	A	117	0.1517509727626459
278	C	337	0.437094682230869
278	T	66	0.08560311284046693
279	C	1	0.0012970168612191958
279	G	1	0.0012970168612191958
280	C	1	0.0012970168612191958
280	T	79	0.10246433203631647
281	A	2	0.0025940337224383916
281	C	28	0.03631647211413749
281	G	3	0.0038910505836575876
282	C	14	0.018158236057068743
283	G	3	0.0038910505836575876
283	T	51	0.06614785992217899
284	T	40	0.05188067444876784
285	A	2	0.0025940337224383916
285	C	3	0.0038910505836575876
285	G	1	0.0012970168612191958
286	A	2	0.0025940337224383916
286	T	2	0.0025940337224383916
287	C	1	0.0012970168612191958
287	G	3	0.0038910505836575876
288	A	2	0.0025940337224383916
288	T	1	0.0012970168612191958
289	G	8	0.010376134889753566
289	T	4	0.005188067444876783
290	A	4	0.005188067444876783
290	C	37	0.04798962386511025
