Position	Nucleotide	Multiplicity	Frequency
45	C	2	0.02197802197802198
47	C	4	0.04395604395604396
52	C	1	0.01098901098901099
53	C	2	0.02197802197802198
54	C	1	0.01098901098901099
56	A	1	0.01098901098901099
57	T	1	0.01098901098901099
65	T	1	0.01098901098901099
66	T	1	0.01098901098901099
67	A	14	0.15384615384615385
67	G	14	0.15384615384615385
67	T	13	0.14285714285714285
68	A	2	0.02197802197802198
70	C	1	0.01098901098901099
71	G	14	0.15384615384615385
72	C	2	0.02197802197802198
73	T	1	0.01098901098901099
74	A	2	0.02197802197802198
76	A	1	0.01098901098901099
77	C	19	0.2087912087912088
79	C	1	0.01098901098901099
79	G	1	0.01098901098901099
79	T	29	0.31868131868131866
81	G	2	0.02197802197802198
82	T	1	0.01098901098901099
83	T	2	0.02197802197802198
84	G	3	0.03296703296703297
88	C	17	0.18681318681318682
88	T	1	0.01098901098901099
89	T	32	0.3516483516483517
91	C	1	0.01098901098901099
92	C	2	0.02197802197802198
93	A	1	0.01098901098901099
95	C	3	0.03296703296703297
95	G	1	0.01098901098901099
96	A	6	0.06593406593406594
97	C	14	0.15384615384615385
98	T	11	0.12087912087912088
99	A	29	0.31868131868131866
100	C	6	0.06593406593406594
101	T	38	0.4175824175824176
103	T	1	0.01098901098901099
110	T	2	0.02197802197802198
111	C	1	0.01098901098901099
114	A	1	0.01098901098901099
116	C	1	0.01098901098901099
118	C	7	0.07692307692307693
120	A	13	0.14285714285714285
120	T	1	0.01098901098901099
123	G	14	0.15384615384615385
125	G	1	0.01098901098901099
128	A	1	0.01098901098901099
129	C	1	0.01098901098901099
130	C	5	0.054945054945054944
130	G	2	0.02197802197802198
131	A	1	0.01098901098901099
134	A	17	0.18681318681318682
135	A	1	0.01098901098901099
135	G	1	0.01098901098901099
138	C	1	0.01098901098901099
139	C	1	0.01098901098901099
140	A	1	0.01098901098901099
144	C	2	0.02197802197802198
145	C	1	0.01098901098901099
146	C	1	0.01098901098901099
148	C	9	0.0989010989010989
149	A	1	0.01098901098901099
149	C	1	0.01098901098901099
150	C	1	0.01098901098901099
150	G	1	0.01098901098901099
150	T	1	0.01098901098901099
151	C	14	0.15384615384615385
152	C	1	0.01098901098901099
153	C	4	0.04395604395604396
153	G	16	0.17582417582417584
153	T	4	0.04395604395604396
155	G	4	0.04395604395604396
155	T	18	0.1978021978021978
157	T	3	0.03296703296703297
158	C	10	0.10989010989010989
159	T	43	0.4725274725274725
160	C	1	0.01098901098901099
160	T	6	0.06593406593406594
161	A	2	0.02197802197802198
161	C	16	0.17582417582417584
161	G	12	0.13186813186813187
162	C	1	0.01098901098901099
162	G	14	0.15384615384615385
163	C	15	0.16483516483516483
165	T	15	0.16483516483516483
166	T	14	0.15384615384615385
168	G	18	0.1978021978021978
169	C	56	0.6153846153846154
169	T	1	0.01098901098901099
170	T	14	0.15384615384615385
173	G	31	0.34065934065934067
173	T	14	0.15384615384615385
174	C	17	0.18681318681318682
175	C	1	0.01098901098901099
176	A	1	0.01098901098901099
176	T	7	0.07692307692307693
177	A	17	0.18681318681318682
178	G	1	0.01098901098901099
179	A	17	0.18681318681318682
181	C	11	0.12087912087912088
181	G	15	0.16483516483516483
182	G	1	0.01098901098901099
182	T	23	0.25274725274725274
183	A	2	0.02197802197802198
190	C	1	0.01098901098901099
193	C	16	0.17582417582417584
193	G	1	0.01098901098901099
194	C	2	0.02197802197802198
195	C	2	0.02197802197802198
197	C	17	0.18681318681318682
197	G	28	0.3076923076923077
200	C	1	0.01098901098901099
200	G	17	0.18681318681318682
201	A	4	0.04395604395604396
202	C	14	0.15384615384615385
203	T	8	0.08791208791208792
205	G	17	0.18681318681318682
206	A	1	0.01098901098901099
208	C	12	0.13186813186813187
209	C	20	0.21978021978021978
210	C	1	0.01098901098901099
211	G	1	0.01098901098901099
211	T	2	0.02197802197802198
212	C	2	0.02197802197802198
212	T	10	0.10989010989010989
213	A	24	0.26373626373626374
213	C	3	0.03296703296703297
214	C	6	0.06593406593406594
215	G	20	0.21978021978021978
215	T	15	0.16483516483516483
216	T	1	0.01098901098901099
217	C	1	0.01098901098901099
219	C	1	0.01098901098901099
220	A	1	0.01098901098901099
220	G	4	0.04395604395604396
220	T	1	0.01098901098901099
222	A	2	0.02197802197802198
222	C	12	0.13186813186813187
223	T	2	0.02197802197802198
224	A	1	0.01098901098901099
226	G	16	0.17582417582417584
227	C	1	0.01098901098901099
228	C	1	0.01098901098901099
229	C	2	0.02197802197802198
230	A	1	0.01098901098901099
230	T	1	0.01098901098901099
233	A	5	0.054945054945054944
233	C	2	0.02197802197802198
234	C	9	0.0989010989010989
234	G	1	0.01098901098901099
236	A	1	0.01098901098901099
237	C	2	0.02197802197802198
238	A	2	0.02197802197802198
240	A	1	0.01098901098901099
242	A	14	0.15384615384615385
243	C	1	0.01098901098901099
244	G	8	0.08791208791208792
245	A	5	0.054945054945054944
246	G	22	0.24175824175824176
246	T	2	0.02197802197802198
247	C	1	0.01098901098901099
249	C	13	0.14285714285714285
250	A	1	0.01098901098901099
250	C	32	0.3516483516483517
251	G	1	0.01098901098901099
251	T	38	0.4175824175824176
254	C	2	0.02197802197802198
256	G	2	0.02197802197802198
259	A	1	0.01098901098901099
264	C	11	0.12087912087912088
265	A	1	0.01098901098901099
266	G	1	0.01098901098901099
268	C	2	0.02197802197802198
269	A	1	0.01098901098901099
270	C	5	0.054945054945054944
275	A	1	0.01098901098901099
276	A	2	0.02197802197802198
276	C	15	0.16483516483516483
278	A	22	0.24175824175824176
278	C	14	0.15384615384615385
278	T	4	0.04395604395604396
279	G	1	0.01098901098901099
283	G	1	0.01098901098901099
283	T	18	0.1978021978021978
284	T	26	0.2857142857142857
285	G	1	0.01098901098901099
287	G	3	0.03296703296703297
288	A	2	0.02197802197802198
289	G	1	0.01098901098901099
290	A	2	0.02197802197802198
