Position	Nucleotide	Multiplicity	Frequency
27	A	85	0.9659090909090909
29	A	1	0.011363636363636364
35	A	1	0.011363636363636364
36	G	1	0.011363636363636364
38	C	2	0.022727272727272728
42	C	3	0.03409090909090909
43	G	3	0.03409090909090909
47	T	1	0.011363636363636364
48	G	2	0.022727272727272728
50	T	1	0.011363636363636364
51	T	1	0.011363636363636364
52	C	1	0.011363636363636364
54	G	1	0.011363636363636364
55	A	1	0.011363636363636364
56	A	2	0.022727272727272728
56	C	2	0.022727272727272728
59	C	1	0.011363636363636364
59	T	4	0.045454545454545456
61	A	1	0.011363636363636364
66	G	2	0.022727272727272728
67	G	27	0.3068181818181818
68	G	26	0.29545454545454547
70	C	1	0.011363636363636364
74	C	1	0.011363636363636364
76	T	1	0.011363636363636364
77	A	24	0.2727272727272727
77	C	3	0.03409090909090909
77	T	1	0.011363636363636364
79	C	25	0.2840909090909091
82	T	2	0.022727272727272728
83	C	1	0.011363636363636364
83	G	1	0.011363636363636364
87	G	1	0.011363636363636364
88	A	26	0.29545454545454547
88	C	11	0.125
89	T	8	0.09090909090909091
90	C	4	0.045454545454545456
91	G	1	0.011363636363636364
91	T	1	0.011363636363636364
93	C	1	0.011363636363636364
93	G	31	0.3522727272727273
94	A	24	0.2727272727272727
94	C	14	0.1590909090909091
96	A	9	0.10227272727272728
99	G	28	0.3181818181818182
99	T	2	0.022727272727272728
102	A	3	0.03409090909090909
103	C	13	0.14772727272727273
104	C	1	0.011363636363636364
108	G	1	0.011363636363636364
109	A	6	0.06818181818181818
110	T	6	0.06818181818181818
111	C	1	0.011363636363636364
114	C	1	0.011363636363636364
114	G	1	0.011363636363636364
115	C	2	0.022727272727272728
116	A	1	0.011363636363636364
117	T	1	0.011363636363636364
119	C	2	0.022727272727272728
121	G	1	0.011363636363636364
123	T	5	0.056818181818181816
124	G	1	0.011363636363636364
124	T	1	0.011363636363636364
128	G	1	0.011363636363636364
129	C	1	0.011363636363636364
131	A	1	0.011363636363636364
132	G	1	0.011363636363636364
133	G	3	0.03409090909090909
136	G	1	0.011363636363636364
137	T	1	0.011363636363636364
141	A	1	0.011363636363636364
143	A	1	0.011363636363636364
146	A	1	0.011363636363636364
146	C	1	0.011363636363636364
152	C	1	0.011363636363636364
154	G	54	0.6136363636363636
155	T	1	0.011363636363636364
156	C	1	0.011363636363636364
157	A	1	0.011363636363636364
160	G	1	0.011363636363636364
161	C	3	0.03409090909090909
165	A	25	0.2840909090909091
166	G	2	0.022727272727272728
167	G	26	0.29545454545454547
170	C	2	0.022727272727272728
171	C	25	0.2840909090909091
172	C	9	0.10227272727272728
173	A	25	0.2840909090909091
173	C	1	0.011363636363636364
175	G	25	0.2840909090909091
176	G	3	0.03409090909090909
177	A	9	0.10227272727272728
178	T	3	0.03409090909090909
179	A	2	0.022727272727272728
179	G	8	0.09090909090909091
179	T	3	0.03409090909090909
181	T	2	0.022727272727272728
182	T	9	0.10227272727272728
183	G	6	0.06818181818181818
184	A	13	0.14772727272727273
184	C	6	0.06818181818181818
185	T	30	0.3409090909090909
186	C	28	0.3181818181818182
186	G	6	0.06818181818181818
186	T	1	0.011363636363636364
187	G	6	0.06818181818181818
187	T	3	0.03409090909090909
188	G	5	0.056818181818181816
188	T	1	0.011363636363636364
191	C	1	0.011363636363636364
193	C	1	0.011363636363636364
194	A	2	0.022727272727272728
194	C	2	0.022727272727272728
195	T	1	0.011363636363636364
196	G	26	0.29545454545454547
197	C	1	0.011363636363636364
203	A	1	0.011363636363636364
204	T	1	0.011363636363636364
206	A	3	0.03409090909090909
207	G	6	0.06818181818181818
207	T	3	0.03409090909090909
210	C	3	0.03409090909090909
210	G	5	0.056818181818181816
213	A	2	0.022727272727272728
213	C	1	0.011363636363636364
219	A	1	0.011363636363636364
221	A	1	0.011363636363636364
222	T	1	0.011363636363636364
223	G	3	0.03409090909090909
225	C	1	0.011363636363636364
227	T	1	0.011363636363636364
229	G	4	0.045454545454545456
230	G	1	0.011363636363636364
232	C	1	0.011363636363636364
233	G	1	0.011363636363636364
233	T	27	0.3068181818181818
235	C	1	0.011363636363636364
236	A	26	0.29545454545454547
237	T	1	0.011363636363636364
239	T	1	0.011363636363636364
240	T	1	0.011363636363636364
242	A	1	0.011363636363636364
242	T	2	0.022727272727272728
243	T	1	0.011363636363636364
244	C	1	0.011363636363636364
245	C	4	0.045454545454545456
245	G	4	0.045454545454545456
246	T	6	0.06818181818181818
247	T	26	0.29545454545454547
248	C	1	0.011363636363636364
252	G	3	0.03409090909090909
253	A	1	0.011363636363636364
253	G	6	0.06818181818181818
255	C	1	0.011363636363636364
255	G	3	0.03409090909090909
258	C	1	0.011363636363636364
258	G	3	0.03409090909090909
260	T	3	0.03409090909090909
262	G	1	0.011363636363636364
265	T	1	0.011363636363636364
266	A	1	0.011363636363636364
267	A	1	0.011363636363636364
268	A	1	0.011363636363636364
268	C	1	0.011363636363636364
269	A	2	0.022727272727272728
269	C	2	0.022727272727272728
272	A	1	0.011363636363636364
272	T	1	0.011363636363636364
274	A	1	0.011363636363636364
277	G	8	0.09090909090909091
278	T	1	0.011363636363636364
280	T	1	0.011363636363636364
281	A	12	0.13636363636363635
281	C	25	0.2840909090909091
281	T	4	0.045454545454545456
284	C	2	0.022727272727272728
284	G	1	0.011363636363636364
286	T	1	0.011363636363636364
287	T	6	0.06818181818181818
288	C	1	0.011363636363636364
289	A	3	0.03409090909090909
289	T	1	0.011363636363636364
290	C	7	0.07954545454545454
293	G	1	0.011363636363636364
294	A	26	0.29545454545454547
295	G	1	0.011363636363636364
