Position	Nucleotide	Multiplicity	Frequency
54	C	1	0.009708737864077669
55	G	1	0.009708737864077669
55	T	1	0.009708737864077669
58	G	1	0.009708737864077669
66	T	6	0.05825242718446602
67	A	1	0.009708737864077669
68	A	1	0.009708737864077669
69	A	3	0.02912621359223301
70	C	1	0.009708737864077669
72	C	1	0.009708737864077669
74	C	1	0.009708737864077669
75	A	4	0.038834951456310676
76	A	12	0.11650485436893204
77	A	1	0.009708737864077669
77	C	37	0.3592233009708738
79	A	6	0.05825242718446602
79	C	47	0.4563106796116505
79	T	2	0.019417475728155338
82	T	17	0.1650485436893204
83	T	1	0.009708737864077669
87	G	6	0.05825242718446602
88	A	9	0.08737864077669903
88	C	1	0.009708737864077669
89	T	20	0.1941747572815534
90	G	15	0.14563106796116504
91	A	17	0.1650485436893204
92	C	1	0.009708737864077669
95	C	7	0.06796116504854369
96	A	5	0.04854368932038835
96	C	45	0.4368932038834951
96	T	6	0.05825242718446602
97	A	16	0.1553398058252427
97	C	4	0.038834951456310676
97	T	36	0.34951456310679613
100	C	4	0.038834951456310676
100	T	50	0.4854368932038835
101	T	22	0.21359223300970873
104	T	12	0.11650485436893204
105	C	1	0.009708737864077669
107	T	1	0.009708737864077669
108	G	21	0.20388349514563106
109	A	11	0.10679611650485436
109	C	41	0.39805825242718446
110	T	1	0.009708737864077669
114	G	2	0.019417475728155338
116	A	2	0.019417475728155338
116	T	3	0.02912621359223301
118	A	1	0.009708737864077669
119	T	1	0.009708737864077669
120	T	1	0.009708737864077669
122	C	4	0.038834951456310676
122	T	1	0.009708737864077669
123	T	49	0.47572815533980584
124	C	4	0.038834951456310676
124	T	4	0.038834951456310676
128	C	1	0.009708737864077669
131	C	2	0.019417475728155338
132	G	1	0.009708737864077669
133	C	12	0.11650485436893204
133	T	1	0.009708737864077669
136	C	1	0.009708737864077669
140	A	2	0.019417475728155338
140	C	5	0.04854368932038835
142	G	1	0.009708737864077669
143	A	1	0.009708737864077669
147	C	2	0.019417475728155338
147	G	3	0.02912621359223301
148	G	1	0.009708737864077669
149	C	4	0.038834951456310676
152	A	9	0.08737864077669903
152	C	4	0.038834951456310676
152	T	1	0.009708737864077669
153	A	12	0.11650485436893204
153	C	22	0.21359223300970873
154	G	43	0.4174757281553398
156	C	1	0.009708737864077669
156	G	2	0.019417475728155338
158	A	4	0.038834951456310676
159	G	4	0.038834951456310676
160	C	2	0.019417475728155338
161	C	1	0.009708737864077669
162	A	4	0.038834951456310676
162	C	2	0.019417475728155338
163	C	2	0.019417475728155338
164	T	3	0.02912621359223301
165	C	1	0.009708737864077669
165	G	6	0.05825242718446602
166	A	2	0.019417475728155338
166	C	3	0.02912621359223301
168	A	1	0.009708737864077669
168	T	1	0.009708737864077669
170	T	3	0.02912621359223301
172	A	23	0.22330097087378642
172	C	14	0.13592233009708737
172	T	22	0.21359223300970873
173	A	16	0.1553398058252427
173	G	9	0.08737864077669903
174	G	22	0.21359223300970873
176	T	1	0.009708737864077669
177	C	17	0.1650485436893204
177	G	9	0.08737864077669903
179	A	1	0.009708737864077669
179	G	4	0.038834951456310676
179	T	2	0.019417475728155338
180	C	6	0.05825242718446602
182	T	1	0.009708737864077669
184	G	17	0.1650485436893204
185	T	20	0.1941747572815534
186	T	2	0.019417475728155338
193	C	1	0.009708737864077669
194	T	1	0.009708737864077669
195	C	5	0.04854368932038835
195	G	17	0.1650485436893204
196	G	2	0.019417475728155338
197	A	16	0.1553398058252427
197	C	5	0.04854368932038835
198	C	6	0.05825242718446602
198	G	1	0.009708737864077669
199	A	2	0.019417475728155338
199	C	22	0.21359223300970873
200	C	3	0.02912621359223301
202	C	2	0.019417475728155338
202	G	12	0.11650485436893204
203	C	3	0.02912621359223301
204	C	7	0.06796116504854369
204	T	1	0.009708737864077669
205	C	3	0.02912621359223301
205	G	1	0.009708737864077669
206	A	12	0.11650485436893204
206	C	4	0.038834951456310676
206	G	36	0.34951456310679613
207	G	4	0.038834951456310676
208	A	4	0.038834951456310676
208	G	1	0.009708737864077669
208	T	3	0.02912621359223301
209	G	1	0.009708737864077669
209	T	5	0.04854368932038835
210	C	22	0.21359223300970873
210	T	17	0.1650485436893204
211	C	1	0.009708737864077669
212	C	9	0.08737864077669903
212	G	4	0.038834951456310676
212	T	11	0.10679611650485436
215	C	2	0.019417475728155338
216	A	14	0.13592233009708737
216	C	4	0.038834951456310676
216	T	1	0.009708737864077669
218	C	13	0.1262135922330097
218	G	10	0.0970873786407767
219	A	1	0.009708737864077669
219	C	1	0.009708737864077669
220	G	1	0.009708737864077669
221	A	2	0.019417475728155338
222	A	1	0.009708737864077669
222	C	4	0.038834951456310676
223	G	22	0.21359223300970873
223	T	13	0.1262135922330097
225	A	4	0.038834951456310676
226	T	1	0.009708737864077669
227	T	1	0.009708737864077669
228	C	8	0.07766990291262135
228	G	1	0.009708737864077669
229	T	16	0.1553398058252427
230	T	6	0.05825242718446602
231	C	1	0.009708737864077669
232	C	10	0.0970873786407767
232	G	4	0.038834951456310676
233	A	1	0.009708737864077669
233	T	17	0.1650485436893204
234	T	1	0.009708737864077669
235	G	1	0.009708737864077669
236	A	3	0.02912621359223301
236	C	1	0.009708737864077669
236	T	10	0.0970873786407767
237	A	38	0.36893203883495146
237	C	1	0.009708737864077669
238	A	1	0.009708737864077669
240	G	1	0.009708737864077669
241	A	1	0.009708737864077669
243	T	38	0.36893203883495146
246	G	23	0.22330097087378642
247	C	1	0.009708737864077669
247	G	14	0.13592233009708737
248	A	2	0.019417475728155338
248	C	15	0.14563106796116504
248	T	22	0.21359223300970873
249	A	8	0.07766990291262135
249	G	7	0.06796116504854369
249	T	3	0.02912621359223301
250	T	1	0.009708737864077669
251	A	1	0.009708737864077669
251	C	31	0.30097087378640774
251	T	1	0.009708737864077669
253	A	22	0.21359223300970873
253	C	29	0.2815533980582524
254	T	40	0.3883495145631068
257	C	1	0.009708737864077669
258	A	1	0.009708737864077669
258	C	4	0.038834951456310676
258	T	1	0.009708737864077669
259	G	2	0.019417475728155338
260	A	2	0.019417475728155338
260	T	1	0.009708737864077669
261	G	1	0.009708737864077669
264	T	1	0.009708737864077669
265	T	4	0.038834951456310676
266	A	1	0.009708737864077669
267	T	1	0.009708737864077669
270	T	1	0.009708737864077669
271	C	1	0.009708737864077669
272	A	1	0.009708737864077669
277	T	1	0.009708737864077669
279	A	4	0.038834951456310676
279	C	38	0.36893203883495146
281	A	7	0.06796116504854369
281	C	6	0.05825242718446602
282	T	1	0.009708737864077669
284	C	12	0.11650485436893204
286	T	17	0.1650485436893204
287	T	59	0.5728155339805825
288	G	1	0.009708737864077669
289	T	1	0.009708737864077669
292	T	6	0.05825242718446602
293	A	1	0.009708737864077669
293	C	2	0.019417475728155338
