Position	Nucleotide	Multiplicity	Frequency
44	G	29	0.1457286432160804
48	C	1	0.005025125628140704
50	T	1	0.005025125628140704
51	T	1	0.005025125628140704
52	C	1	0.005025125628140704
58	C	1	0.005025125628140704
62	A	1	0.005025125628140704
63	C	1	0.005025125628140704
64	A	1	0.005025125628140704
65	C	1	0.005025125628140704
66	C	1	0.005025125628140704
67	A	1	0.005025125628140704
67	T	13	0.06532663316582915
68	G	4	0.020100502512562814
70	T	8	0.04020100502512563
71	G	4	0.020100502512562814
72	C	2	0.010050251256281407
72	G	1	0.005025125628140704
73	T	2	0.010050251256281407
74	C	11	0.05527638190954774
77	G	1	0.005025125628140704
78	A	5	0.02512562814070352
78	C	2	0.010050251256281407
79	C	2	0.010050251256281407
81	G	13	0.06532663316582915
82	G	7	0.035175879396984924
82	T	14	0.07035175879396985
84	C	1	0.005025125628140704
86	A	1	0.005025125628140704
86	T	32	0.16080402010050251
87	G	5	0.02512562814070352
87	T	7	0.035175879396984924
88	A	38	0.19095477386934673
88	C	8	0.04020100502512563
89	C	11	0.05527638190954774
90	C	1	0.005025125628140704
90	G	12	0.06030150753768844
90	T	6	0.03015075376884422
91	A	33	0.1658291457286432
91	C	25	0.12562814070351758
91	T	1	0.005025125628140704
92	A	5	0.02512562814070352
92	C	33	0.1658291457286432
92	G	1	0.005025125628140704
92	T	31	0.15577889447236182
93	A	1	0.005025125628140704
93	C	1	0.005025125628140704
93	G	1	0.005025125628140704
94	C	1	0.005025125628140704
94	T	18	0.09045226130653267
95	C	2	0.010050251256281407
96	A	112	0.5628140703517588
96	G	37	0.18592964824120603
96	T	5	0.02512562814070352
97	A	27	0.135678391959799
97	C	7	0.035175879396984924
97	G	11	0.05527638190954774
98	C	80	0.4020100502512563
98	T	34	0.1708542713567839
99	C	2	0.010050251256281407
99	G	1	0.005025125628140704
101	A	32	0.16080402010050251
101	C	6	0.03015075376884422
102	G	15	0.07537688442211055
103	C	8	0.04020100502512563
103	G	14	0.07035175879396985
103	T	57	0.2864321608040201
104	T	54	0.271356783919598
107	C	1	0.005025125628140704
109	G	1	0.005025125628140704
111	T	2	0.010050251256281407
112	A	2	0.010050251256281407
112	T	1	0.005025125628140704
113	T	10	0.05025125628140704
116	A	1	0.005025125628140704
117	C	1	0.005025125628140704
118	T	1	0.005025125628140704
119	C	2	0.010050251256281407
119	G	3	0.01507537688442211
120	A	8	0.04020100502512563
120	T	1	0.005025125628140704
122	G	4	0.020100502512562814
123	A	1	0.005025125628140704
125	A	3	0.01507537688442211
125	T	5	0.02512562814070352
126	G	14	0.07035175879396985
127	C	1	0.005025125628140704
127	G	26	0.1306532663316583
130	A	1	0.005025125628140704
131	A	13	0.06532663316582915
131	C	7	0.035175879396984924
132	A	1	0.005025125628140704
134	C	5	0.02512562814070352
136	C	2	0.010050251256281407
137	A	2	0.010050251256281407
138	C	2	0.010050251256281407
141	A	108	0.542713567839196
142	C	1	0.005025125628140704
142	G	1	0.005025125628140704
143	A	1	0.005025125628140704
143	C	10	0.05025125628140704
143	G	1	0.005025125628140704
144	G	33	0.1658291457286432
145	T	1	0.005025125628140704
146	C	33	0.1658291457286432
146	G	2	0.010050251256281407
146	T	19	0.09547738693467336
147	C	1	0.005025125628140704
148	C	3	0.01507537688442211
148	G	1	0.005025125628140704
148	T	9	0.04522613065326633
149	T	16	0.08040201005025126
150	C	5	0.02512562814070352
150	G	10	0.05025125628140704
152	A	6	0.03015075376884422
152	C	3	0.01507537688442211
153	G	36	0.18090452261306533
154	A	52	0.2613065326633166
154	C	38	0.19095477386934673
155	A	10	0.05025125628140704
155	C	57	0.2864321608040201
156	C	24	0.12060301507537688
156	G	22	0.11055276381909548
157	A	45	0.22613065326633167
157	C	10	0.05025125628140704
157	T	1	0.005025125628140704
158	A	19	0.09547738693467336
158	C	9	0.04522613065326633
159	C	1	0.005025125628140704
159	G	64	0.32160804020100503
159	T	1	0.005025125628140704
160	A	65	0.32663316582914576
160	C	45	0.22613065326633167
161	C	4	0.020100502512562814
162	A	41	0.20603015075376885
162	C	1	0.005025125628140704
162	G	16	0.08040201005025126
162	T	1	0.005025125628140704
163	A	11	0.05527638190954774
163	C	46	0.23115577889447236
164	A	13	0.06532663316582915
164	C	11	0.05527638190954774
165	C	40	0.20100502512562815
165	G	4	0.020100502512562814
165	T	20	0.10050251256281408
166	A	1	0.005025125628140704
166	C	77	0.3869346733668342
166	T	54	0.271356783919598
167	A	13	0.06532663316582915
167	C	3	0.01507537688442211
167	G	7	0.035175879396984924
168	C	1	0.005025125628140704
168	G	48	0.24120603015075376
168	T	43	0.21608040201005024
169	G	5	0.02512562814070352
170	A	5	0.02512562814070352
170	G	10	0.05025125628140704
170	T	8	0.04020100502512563
171	C	1	0.005025125628140704
171	G	6	0.03015075376884422
172	A	28	0.1407035175879397
172	C	66	0.3316582914572864
173	C	13	0.06532663316582915
173	G	9	0.04522613065326633
174	A	18	0.09045226130653267
174	C	1	0.005025125628140704
174	G	58	0.2914572864321608
175	G	18	0.09045226130653267
175	T	17	0.08542713567839195
176	A	1	0.005025125628140704
176	G	35	0.17587939698492464
176	T	47	0.23618090452261306
177	C	3	0.01507537688442211
178	C	1	0.005025125628140704
178	G	1	0.005025125628140704
179	T	41	0.20603015075376885
182	C	2	0.010050251256281407
182	G	2	0.010050251256281407
183	A	1	0.005025125628140704
184	G	4	0.020100502512562814
187	A	1	0.005025125628140704
188	C	2	0.010050251256281407
191	T	2	0.010050251256281407
192	G	1	0.005025125628140704
193	C	1	0.005025125628140704
193	G	56	0.2814070351758794
194	A	1	0.005025125628140704
195	A	1	0.005025125628140704
196	A	1	0.005025125628140704
198	A	1	0.005025125628140704
198	T	1	0.005025125628140704
199	A	1	0.005025125628140704
199	T	1	0.005025125628140704
200	G	3	0.01507537688442211
201	C	1	0.005025125628140704
202	A	3	0.01507537688442211
202	C	2	0.010050251256281407
203	A	1	0.005025125628140704
203	G	1	0.005025125628140704
204	C	2	0.010050251256281407
204	G	1	0.005025125628140704
205	A	2	0.010050251256281407
205	T	10	0.05025125628140704
206	A	1	0.005025125628140704
206	T	2	0.010050251256281407
207	C	1	0.005025125628140704
208	A	1	0.005025125628140704
208	C	1	0.005025125628140704
209	A	1	0.005025125628140704
209	G	18	0.09045226130653267
209	T	3	0.01507537688442211
210	A	1	0.005025125628140704
210	G	1	0.005025125628140704
212	A	1	0.005025125628140704
213	G	1	0.005025125628140704
215	C	2	0.010050251256281407
217	C	2	0.010050251256281407
217	G	2	0.010050251256281407
218	T	1	0.005025125628140704
219	G	4	0.020100502512562814
220	G	12	0.06030150753768844
221	A	2	0.010050251256281407
221	C	2	0.010050251256281407
222	C	1	0.005025125628140704
222	T	1	0.005025125628140704
223	A	1	0.005025125628140704
224	A	2	0.010050251256281407
224	T	1	0.005025125628140704
225	G	3	0.01507537688442211
226	G	30	0.1507537688442211
227	A	7	0.035175879396984924
227	C	3	0.01507537688442211
227	T	1	0.005025125628140704
228	G	11	0.05527638190954774
229	C	19	0.09547738693467336
230	A	29	0.1457286432160804
230	G	8	0.04020100502512563
230	T	33	0.1658291457286432
231	C	2	0.010050251256281407
232	T	2	0.010050251256281407
233	T	1	0.005025125628140704
234	A	2	0.010050251256281407
234	G	93	0.46733668341708545
235	G	1	0.005025125628140704
236	A	5	0.02512562814070352
236	C	10	0.05025125628140704
237	C	25	0.12562814070351758
238	C	11	0.05527638190954774
238	G	14	0.07035175879396985
238	T	40	0.20100502512562815
239	A	1	0.005025125628140704
239	C	5	0.02512562814070352
239	G	15	0.07537688442211055
240	A	1	0.005025125628140704
240	T	1	0.005025125628140704
241	G	1	0.005025125628140704
242	A	19	0.09547738693467336
242	C	1	0.005025125628140704
242	T	1	0.005025125628140704
243	A	1	0.005025125628140704
244	G	1	0.005025125628140704
244	T	2	0.010050251256281407
245	G	18	0.09045226130653267
245	T	4	0.020100502512562814
246	C	1	0.005025125628140704
247	G	2	0.010050251256281407
248	C	2	0.010050251256281407
249	G	3	0.01507537688442211
250	C	1	0.005025125628140704
250	G	1	0.005025125628140704
251	A	2	0.010050251256281407
251	G	26	0.1306532663316583
251	T	18	0.09045226130653267
252	C	1	0.005025125628140704
252	G	2	0.010050251256281407
253	A	14	0.07035175879396985
253	C	6	0.03015075376884422
254	T	10	0.05025125628140704
255	T	1	0.005025125628140704
257	A	1	0.005025125628140704
258	C	1	0.005025125628140704
258	G	1	0.005025125628140704
259	A	3	0.01507537688442211
259	C	5	0.02512562814070352
260	G	19	0.09547738693467336
261	T	1	0.005025125628140704
262	A	4	0.020100502512562814
262	G	1	0.005025125628140704
262	T	16	0.08040201005025126
263	T	1	0.005025125628140704
265	G	1	0.005025125628140704
266	C	26	0.1306532663316583
268	G	2	0.010050251256281407
268	T	1	0.005025125628140704
269	A	1	0.005025125628140704
274	T	1	0.005025125628140704
275	C	1	0.005025125628140704
275	G	1	0.005025125628140704
276	A	30	0.1507537688442211
276	C	7	0.035175879396984924
277	C	2	0.010050251256281407
277	G	1	0.005025125628140704
278	A	1	0.005025125628140704
278	C	126	0.6331658291457286
278	G	40	0.20100502512562815
279	C	1	0.005025125628140704
280	G	1	0.005025125628140704
281	C	26	0.1306532663316583
283	T	35	0.17587939698492464
284	A	1	0.005025125628140704
284	T	9	0.04522613065326633
285	C	1	0.005025125628140704
285	G	1	0.005025125628140704
286	T	1	0.005025125628140704
287	G	1	0.005025125628140704
288	T	1	0.005025125628140704
289	G	2	0.010050251256281407
289	T	12	0.06030150753768844
290	A	1	0.005025125628140704
