Position	Nucleotide	Multiplicity	Frequency
46	A	8	0.0427807486631016
49	T	1	0.0053475935828877
51	T	2	0.0106951871657754
53	A	1	0.0053475935828877
53	C	1	0.0053475935828877
54	C	2	0.0106951871657754
56	A	1	0.0053475935828877
56	T	1	0.0053475935828877
57	T	1	0.0053475935828877
59	T	2	0.0106951871657754
60	G	1	0.0053475935828877
61	T	1	0.0053475935828877
63	C	3	0.016042780748663103
64	T	1	0.0053475935828877
65	T	26	0.13903743315508021
66	A	13	0.06951871657754011
66	G	1	0.0053475935828877
67	G	37	0.19786096256684493
67	T	29	0.15508021390374332
68	A	12	0.06417112299465241
71	G	16	0.0855614973262032
71	T	11	0.058823529411764705
72	C	4	0.0213903743315508
73	T	1	0.0053475935828877
74	A	3	0.016042780748663103
74	C	4	0.0213903743315508
79	A	3	0.016042780748663103
79	C	46	0.24598930481283424
79	T	13	0.06951871657754011
80	T	19	0.10160427807486631
81	C	1	0.0053475935828877
84	G	13	0.06951871657754011
85	C	13	0.06951871657754011
86	T	35	0.18716577540106952
87	C	1	0.0053475935828877
87	T	1	0.0053475935828877
88	A	27	0.1443850267379679
88	C	4	0.0213903743315508
89	C	39	0.20855614973262032
89	T	28	0.1497326203208556
90	C	1	0.0053475935828877
90	G	18	0.0962566844919786
90	T	14	0.0748663101604278
91	A	13	0.06951871657754011
91	C	35	0.18716577540106952
92	C	39	0.20855614973262032
93	C	25	0.13368983957219252
93	G	43	0.22994652406417113
93	T	13	0.06951871657754011
94	A	25	0.13368983957219252
94	C	38	0.20320855614973263
94	T	3	0.016042780748663103
96	C	4	0.0213903743315508
96	G	21	0.11229946524064172
98	T	32	0.1711229946524064
99	C	1	0.0053475935828877
102	C	1	0.0053475935828877
103	A	52	0.27807486631016043
105	C	4	0.0213903743315508
106	C	16	0.0855614973262032
107	C	12	0.06417112299465241
107	G	13	0.06951871657754011
110	T	1	0.0053475935828877
111	C	1	0.0053475935828877
113	C	1	0.0053475935828877
113	T	1	0.0053475935828877
114	A	1	0.0053475935828877
115	G	1	0.0053475935828877
118	C	4	0.0213903743315508
118	T	1	0.0053475935828877
119	A	1	0.0053475935828877
120	A	6	0.03208556149732621
120	T	32	0.1711229946524064
121	A	2	0.0106951871657754
122	A	2	0.0106951871657754
122	T	1	0.0053475935828877
123	A	1	0.0053475935828877
124	A	1	0.0053475935828877
125	G	18	0.0962566844919786
126	G	8	0.0427807486631016
127	A	1	0.0053475935828877
128	A	13	0.06951871657754011
128	T	1	0.0053475935828877
129	C	1	0.0053475935828877
130	C	5	0.026737967914438502
132	G	1	0.0053475935828877
134	A	49	0.2620320855614973
134	T	6	0.03208556149732621
135	A	1	0.0053475935828877
136	C	1	0.0053475935828877
137	A	14	0.0748663101604278
137	T	6	0.03208556149732621
138	A	1	0.0053475935828877
139	C	1	0.0053475935828877
140	A	13	0.06951871657754011
142	A	1	0.0053475935828877
142	C	3	0.016042780748663103
144	C	2	0.0106951871657754
145	A	1	0.0053475935828877
145	C	3	0.016042780748663103
146	A	18	0.0962566844919786
147	A	1	0.0053475935828877
147	T	1	0.0053475935828877
149	A	33	0.17647058823529413
149	G	1	0.0053475935828877
150	C	57	0.3048128342245989
150	G	18	0.0962566844919786
151	C	2	0.0106951871657754
152	G	49	0.2620320855614973
152	T	2	0.0106951871657754
153	G	15	0.08021390374331551
156	C	6	0.03208556149732621
156	G	13	0.06951871657754011
157	G	6	0.03208556149732621
158	A	1	0.0053475935828877
159	G	36	0.1925133689839572
160	C	21	0.11229946524064172
160	T	5	0.026737967914438502
161	A	13	0.06951871657754011
161	C	6	0.03208556149732621
161	G	13	0.06951871657754011
162	T	1	0.0053475935828877
163	C	13	0.06951871657754011
164	A	1	0.0053475935828877
166	C	52	0.27807486631016043
167	A	1	0.0053475935828877
167	T	43	0.22994652406417113
168	C	50	0.26737967914438504
168	G	4	0.0213903743315508
168	T	1	0.0053475935828877
169	A	3	0.016042780748663103
169	C	43	0.22994652406417113
169	T	17	0.09090909090909091
170	A	1	0.0053475935828877
170	G	25	0.13368983957219252
170	T	5	0.026737967914438502
171	C	47	0.25133689839572193
171	G	12	0.06417112299465241
172	A	1	0.0053475935828877
172	T	57	0.3048128342245989
173	G	5	0.026737967914438502
173	T	32	0.1711229946524064
174	C	61	0.32620320855614976
174	G	1	0.0053475935828877
175	G	12	0.06417112299465241
176	G	3	0.016042780748663103
177	G	2	0.0106951871657754
178	C	1	0.0053475935828877
178	G	6	0.03208556149732621
179	T	7	0.0374331550802139
182	T	1	0.0053475935828877
183	C	1	0.0053475935828877
183	G	1	0.0053475935828877
186	C	2	0.0106951871657754
186	G	1	0.0053475935828877
187	A	1	0.0053475935828877
188	T	31	0.1657754010695187
190	C	1	0.0053475935828877
190	G	9	0.0481283422459893
191	C	50	0.26737967914438504
191	G	3	0.016042780748663103
192	C	1	0.0053475935828877
192	G	3	0.016042780748663103
193	G	1	0.0053475935828877
194	A	1	0.0053475935828877
194	C	1	0.0053475935828877
194	G	1	0.0053475935828877
195	C	2	0.0106951871657754
195	G	5	0.026737967914438502
195	T	1	0.0053475935828877
196	A	1	0.0053475935828877
196	C	1	0.0053475935828877
197	G	1	0.0053475935828877
198	A	1	0.0053475935828877
198	T	2	0.0106951871657754
199	C	1	0.0053475935828877
200	A	1	0.0053475935828877
200	G	1	0.0053475935828877
200	T	3	0.016042780748663103
201	C	3	0.016042780748663103
201	T	2	0.0106951871657754
202	C	3	0.016042780748663103
203	A	1	0.0053475935828877
204	G	2	0.0106951871657754
204	T	13	0.06951871657754011
205	A	1	0.0053475935828877
208	A	2	0.0106951871657754
209	C	2	0.0106951871657754
209	G	34	0.18181818181818182
209	T	1	0.0053475935828877
210	C	18	0.0962566844919786
211	A	26	0.13903743315508021
212	C	8	0.0427807486631016
212	G	18	0.0962566844919786
213	A	21	0.11229946524064172
214	A	1	0.0053475935828877
214	C	1	0.0053475935828877
215	G	21	0.11229946524064172
216	A	1	0.0053475935828877
216	C	1	0.0053475935828877
216	G	1	0.0053475935828877
217	A	1	0.0053475935828877
217	T	1	0.0053475935828877
219	G	3	0.016042780748663103
220	A	1	0.0053475935828877
220	C	13	0.06951871657754011
220	T	1	0.0053475935828877
221	C	3	0.016042780748663103
223	A	1	0.0053475935828877
223	C	3	0.016042780748663103
223	G	1	0.0053475935828877
225	G	1	0.0053475935828877
226	G	23	0.12299465240641712
227	C	18	0.0962566844919786
227	T	2	0.0106951871657754
229	C	1	0.0053475935828877
229	G	8	0.0427807486631016
230	T	13	0.06951871657754011
231	A	9	0.0481283422459893
231	C	1	0.0053475935828877
232	G	1	0.0053475935828877
233	A	3	0.016042780748663103
233	T	2	0.0106951871657754
234	C	1	0.0053475935828877
236	T	37	0.19786096256684493
237	T	50	0.26737967914438504
238	C	1	0.0053475935828877
239	A	2	0.0106951871657754
240	G	1	0.0053475935828877
241	G	13	0.06951871657754011
242	C	7	0.0374331550802139
242	T	1	0.0053475935828877
243	G	3	0.016042780748663103
243	T	50	0.26737967914438504
244	C	1	0.0053475935828877
244	G	5	0.026737967914438502
244	T	3	0.016042780748663103
245	A	3	0.016042780748663103
245	C	66	0.35294117647058826
245	T	1	0.0053475935828877
246	C	1	0.0053475935828877
246	T	5	0.026737967914438502
247	A	14	0.0748663101604278
247	C	7	0.0374331550802139
248	A	12	0.06417112299465241
250	A	70	0.37433155080213903
250	C	13	0.06951871657754011
251	T	20	0.10695187165775401
252	T	1	0.0053475935828877
253	A	1	0.0053475935828877
254	C	1	0.0053475935828877
255	C	1	0.0053475935828877
255	G	13	0.06951871657754011
255	T	1	0.0053475935828877
259	T	5	0.026737967914438502
264	A	1	0.0053475935828877
265	G	1	0.0053475935828877
266	A	1	0.0053475935828877
267	C	1	0.0053475935828877
269	A	2	0.0106951871657754
270	A	1	0.0053475935828877
271	A	1	0.0053475935828877
272	T	2	0.0106951871657754
273	A	11	0.058823529411764705
273	T	1	0.0053475935828877
275	T	1	0.0053475935828877
277	A	1	0.0053475935828877
278	A	16	0.0855614973262032
278	C	9	0.0481283422459893
278	T	32	0.1711229946524064
281	C	3	0.016042780748663103
281	T	11	0.058823529411764705
283	A	10	0.053475935828877004
283	T	3	0.016042780748663103
284	C	7	0.0374331550802139
284	T	38	0.20320855614973263
285	C	1	0.0053475935828877
287	A	7	0.0374331550802139
288	A	16	0.0855614973262032
288	T	1	0.0053475935828877
289	T	5	0.026737967914438502
290	T	1	0.0053475935828877
