Position	Nucleotide	Multiplicity	Frequency
51	A	1	0.004807692307692308
53	A	1	0.004807692307692308
54	C	1	0.004807692307692308
55	C	3	0.014423076923076924
56	A	1	0.004807692307692308
65	T	1	0.004807692307692308
66	C	1	0.004807692307692308
67	G	3	0.014423076923076924
67	T	1	0.004807692307692308
68	A	1	0.004807692307692308
69	A	1	0.004807692307692308
70	C	1	0.004807692307692308
74	T	1	0.004807692307692308
75	A	1	0.004807692307692308
76	C	2	0.009615384615384616
77	C	3	0.014423076923076924
78	C	136	0.6538461538461539
79	G	2	0.009615384615384616
81	C	4	0.019230769230769232
81	G	1	0.004807692307692308
82	T	38	0.18269230769230768
83	A	26	0.125
84	T	38	0.18269230769230768
86	T	38	0.18269230769230768
88	G	63	0.30288461538461536
88	T	65	0.3125
89	G	65	0.3125
90	A	42	0.20192307692307693
91	C	25	0.1201923076923077
91	G	1	0.004807692307692308
91	T	1	0.004807692307692308
92	C	56	0.2692307692307692
93	C	1	0.004807692307692308
95	C	1	0.004807692307692308
96	G	48	0.23076923076923078
97	T	1	0.004807692307692308
98	T	1	0.004807692307692308
99	G	1	0.004807692307692308
100	G	1	0.004807692307692308
101	C	36	0.17307692307692307
101	T	19	0.09134615384615384
103	G	1	0.004807692307692308
107	A	1	0.004807692307692308
108	A	1	0.004807692307692308
109	C	4	0.019230769230769232
110	T	3	0.014423076923076924
111	T	1	0.004807692307692308
112	C	1	0.004807692307692308
113	G	3	0.014423076923076924
115	C	2	0.009615384615384616
115	G	1	0.004807692307692308
117	C	1	0.004807692307692308
118	T	1	0.004807692307692308
119	A	1	0.004807692307692308
119	C	1	0.004807692307692308
122	A	14	0.0673076923076923
122	C	1	0.004807692307692308
124	T	1	0.004807692307692308
125	C	1	0.004807692307692308
125	T	1	0.004807692307692308
126	G	1	0.004807692307692308
127	C	1	0.004807692307692308
128	G	2	0.009615384615384616
131	A	25	0.1201923076923077
132	G	1	0.004807692307692308
133	C	10	0.04807692307692308
134	C	3	0.014423076923076924
134	G	1	0.004807692307692308
135	A	2	0.009615384615384616
136	C	2	0.009615384615384616
137	C	1	0.004807692307692308
138	G	1	0.004807692307692308
139	A	1	0.004807692307692308
141	G	66	0.3173076923076923
142	C	1	0.004807692307692308
142	G	1	0.004807692307692308
145	A	1	0.004807692307692308
146	C	48	0.23076923076923078
146	G	1	0.004807692307692308
147	C	38	0.18269230769230768
148	A	1	0.004807692307692308
148	C	1	0.004807692307692308
149	A	1	0.004807692307692308
149	C	1	0.004807692307692308
149	G	1	0.004807692307692308
150	C	3	0.014423076923076924
151	C	1	0.004807692307692308
152	C	1	0.004807692307692308
153	T	2	0.009615384615384616
154	T	1	0.004807692307692308
156	A	49	0.23557692307692307
157	T	49	0.23557692307692307
158	C	1	0.004807692307692308
159	A	1	0.004807692307692308
160	C	2	0.009615384615384616
160	T	26	0.125
161	G	1	0.004807692307692308
162	C	65	0.3125
163	G	1	0.004807692307692308
165	T	7	0.03365384615384615
166	A	55	0.2644230769230769
166	T	26	0.125
167	C	1	0.004807692307692308
167	G	48	0.23076923076923078
168	A	103	0.4951923076923077
168	C	1	0.004807692307692308
168	T	1	0.004807692307692308
169	C	49	0.23557692307692307
169	G	18	0.08653846153846154
170	C	7	0.03365384615384615
170	G	2	0.009615384615384616
170	T	3	0.014423076923076924
171	C	34	0.16346153846153846
171	G	18	0.08653846153846154
172	G	15	0.07211538461538461
172	T	1	0.004807692307692308
173	G	1	0.004807692307692308
175	C	48	0.23076923076923078
176	T	26	0.125
177	C	1	0.004807692307692308
178	G	1	0.004807692307692308
180	A	1	0.004807692307692308
181	A	1	0.004807692307692308
181	G	15	0.07211538461538461
185	A	38	0.18269230769230768
186	G	1	0.004807692307692308
187	G	3	0.014423076923076924
188	A	8	0.038461538461538464
189	C	1	0.004807692307692308
189	G	1	0.004807692307692308
190	C	1	0.004807692307692308
191	A	1	0.004807692307692308
191	T	33	0.15865384615384615
193	G	1	0.004807692307692308
196	A	16	0.07692307692307693
198	G	2	0.009615384615384616
200	C	1	0.004807692307692308
201	A	36	0.17307692307692307
201	C	1	0.004807692307692308
201	T	1	0.004807692307692308
202	C	39	0.1875
203	T	1	0.004807692307692308
204	G	8	0.038461538461538464
205	A	2	0.009615384615384616
205	G	26	0.125
206	A	1	0.004807692307692308
206	T	26	0.125
207	G	3	0.014423076923076924
207	T	63	0.30288461538461536
208	C	2	0.009615384615384616
210	G	4	0.019230769230769232
211	G	1	0.004807692307692308
211	T	50	0.2403846153846154
213	A	1	0.004807692307692308
214	G	1	0.004807692307692308
215	A	1	0.004807692307692308
216	A	1	0.004807692307692308
218	A	2	0.009615384615384616
218	T	1	0.004807692307692308
219	G	1	0.004807692307692308
220	A	1	0.004807692307692308
220	T	15	0.07211538461538461
221	G	1	0.004807692307692308
222	A	2	0.009615384615384616
222	C	2	0.009615384615384616
223	T	1	0.004807692307692308
224	A	1	0.004807692307692308
224	C	2	0.009615384615384616
225	T	15	0.07211538461538461
226	A	1	0.004807692307692308
227	C	3	0.014423076923076924
227	G	1	0.004807692307692308
229	G	48	0.23076923076923078
230	A	2	0.009615384615384616
231	C	2	0.009615384615384616
231	G	2	0.009615384615384616
232	T	1	0.004807692307692308
233	C	1	0.004807692307692308
233	G	26	0.125
233	T	1	0.004807692307692308
234	A	7	0.03365384615384615
234	C	1	0.004807692307692308
235	T	66	0.3173076923076923
237	G	38	0.18269230769230768
238	G	1	0.004807692307692308
239	T	8	0.038461538461538464
240	C	1	0.004807692307692308
241	C	2	0.009615384615384616
242	A	3	0.014423076923076924
242	T	1	0.004807692307692308
243	A	1	0.004807692307692308
243	T	1	0.004807692307692308
244	C	1	0.004807692307692308
244	G	1	0.004807692307692308
244	T	1	0.004807692307692308
245	A	45	0.21634615384615385
246	G	1	0.004807692307692308
248	A	2	0.009615384615384616
249	C	2	0.009615384615384616
249	G	2	0.009615384615384616
251	A	1	0.004807692307692308
251	T	1	0.004807692307692308
252	C	1	0.004807692307692308
253	A	1	0.004807692307692308
253	C	48	0.23076923076923078
253	T	1	0.004807692307692308
255	A	1	0.004807692307692308
256	C	1	0.004807692307692308
257	C	38	0.18269230769230768
258	C	5	0.02403846153846154
258	G	2	0.009615384615384616
259	C	15	0.07211538461538461
260	T	2	0.009615384615384616
261	G	1	0.004807692307692308
262	T	1	0.004807692307692308
265	G	1	0.004807692307692308
266	A	38	0.18269230769230768
268	G	1	0.004807692307692308
269	A	2	0.009615384615384616
269	T	1	0.004807692307692308
270	C	1	0.004807692307692308
270	G	1	0.004807692307692308
273	A	1	0.004807692307692308
275	A	1	0.004807692307692308
275	T	1	0.004807692307692308
276	A	114	0.5480769230769231
278	A	95	0.4567307692307692
278	C	48	0.23076923076923078
280	G	1	0.004807692307692308
281	A	1	0.004807692307692308
281	C	93	0.44711538461538464
284	T	7	0.03365384615384615
285	G	1	0.004807692307692308
286	T	1	0.004807692307692308
287	C	2	0.009615384615384616
287	G	1	0.004807692307692308
288	T	1	0.004807692307692308
289	T	8	0.038461538461538464
290	C	1	0.004807692307692308
290	G	35	0.16826923076923078
290	T	7	0.03365384615384615
