Position	Nucleotide	Multiplicity	Frequency
56	G	1	0.011627906976744186
58	C	1	0.011627906976744186
59	T	1	0.011627906976744186
62	T	1	0.011627906976744186
65	C	10	0.11627906976744186
66	C	2	0.023255813953488372
69	C	1	0.011627906976744186
71	C	56	0.6511627906976745
71	G	1	0.011627906976744186
72	A	1	0.011627906976744186
72	C	2	0.023255813953488372
72	G	9	0.10465116279069768
75	T	1	0.011627906976744186
78	A	1	0.011627906976744186
82	A	14	0.16279069767441862
82	G	38	0.4418604651162791
82	T	1	0.011627906976744186
83	T	10	0.11627906976744186
84	G	1	0.011627906976744186
86	C	1	0.011627906976744186
88	A	7	0.08139534883720931
88	C	7	0.08139534883720931
90	A	4	0.046511627906976744
90	C	2	0.023255813953488372
90	T	1	0.011627906976744186
91	T	1	0.011627906976744186
92	A	1	0.011627906976744186
93	A	3	0.03488372093023256
94	T	1	0.011627906976744186
95	C	1	0.011627906976744186
99	G	8	0.09302325581395349
99	T	43	0.5
100	C	1	0.011627906976744186
101	A	2	0.023255813953488372
101	C	2	0.023255813953488372
101	T	1	0.011627906976744186
102	G	3	0.03488372093023256
103	C	9	0.10465116279069768
103	T	1	0.011627906976744186
104	T	15	0.1744186046511628
105	C	2	0.023255813953488372
107	A	2	0.023255813953488372
114	A	1	0.011627906976744186
115	T	9	0.10465116279069768
122	C	1	0.011627906976744186
122	G	1	0.011627906976744186
125	T	2	0.023255813953488372
126	C	1	0.011627906976744186
126	G	1	0.011627906976744186
127	C	1	0.011627906976744186
127	G	12	0.13953488372093023
127	T	3	0.03488372093023256
131	A	6	0.06976744186046512
131	C	15	0.1744186046511628
132	A	1	0.011627906976744186
133	C	3	0.03488372093023256
133	G	1	0.011627906976744186
136	C	1	0.011627906976744186
136	G	2	0.023255813953488372
137	A	6	0.06976744186046512
138	C	3	0.03488372093023256
141	A	6	0.06976744186046512
141	C	1	0.011627906976744186
143	C	1	0.011627906976744186
143	G	1	0.011627906976744186
143	T	36	0.4186046511627907
146	A	1	0.011627906976744186
146	C	5	0.05813953488372093
147	C	29	0.3372093023255814
148	C	1	0.011627906976744186
151	G	1	0.011627906976744186
152	C	67	0.7790697674418605
153	C	1	0.011627906976744186
155	G	2	0.023255813953488372
156	C	3	0.03488372093023256
157	A	8	0.09302325581395349
158	T	21	0.2441860465116279
159	C	27	0.313953488372093
159	G	1	0.011627906976744186
160	C	8	0.09302325581395349
161	C	16	0.18604651162790697
161	G	1	0.011627906976744186
161	T	20	0.23255813953488372
162	A	68	0.7906976744186046
162	T	2	0.023255813953488372
163	G	6	0.06976744186046512
163	T	4	0.046511627906976744
165	C	1	0.011627906976744186
166	C	1	0.011627906976744186
166	G	1	0.011627906976744186
166	T	2	0.023255813953488372
167	C	9	0.10465116279069768
169	T	1	0.011627906976744186
170	A	4	0.046511627906976744
171	T	5	0.05813953488372093
172	C	9	0.10465116279069768
174	T	1	0.011627906976744186
175	A	1	0.011627906976744186
176	C	2	0.023255813953488372
177	C	1	0.011627906976744186
177	G	6	0.06976744186046512
177	T	1	0.011627906976744186
178	A	2	0.023255813953488372
178	T	2	0.023255813953488372
179	G	6	0.06976744186046512
180	A	1	0.011627906976744186
182	G	2	0.023255813953488372
182	T	2	0.023255813953488372
184	C	4	0.046511627906976744
184	T	9	0.10465116279069768
185	T	10	0.11627906976744186
188	A	2	0.023255813953488372
189	A	1	0.011627906976744186
189	C	2	0.023255813953488372
189	T	2	0.023255813953488372
192	C	1	0.011627906976744186
192	G	2	0.023255813953488372
193	T	2	0.023255813953488372
194	G	1	0.011627906976744186
195	C	8	0.09302325581395349
197	A	2	0.023255813953488372
198	C	1	0.011627906976744186
199	G	9	0.10465116279069768
200	G	4	0.046511627906976744
201	A	1	0.011627906976744186
202	A	8	0.09302325581395349
202	C	1	0.011627906976744186
202	T	1	0.011627906976744186
203	A	1	0.011627906976744186
204	G	1	0.011627906976744186
206	G	4	0.046511627906976744
208	C	1	0.011627906976744186
210	T	2	0.023255813953488372
211	G	8	0.09302325581395349
213	C	6	0.06976744186046512
213	G	6	0.06976744186046512
214	A	1	0.011627906976744186
214	C	1	0.011627906976744186
215	A	2	0.023255813953488372
216	A	1	0.011627906976744186
216	C	2	0.023255813953488372
217	A	1	0.011627906976744186
218	C	20	0.23255813953488372
221	C	2	0.023255813953488372
221	G	1	0.011627906976744186
223	G	1	0.011627906976744186
226	A	1	0.011627906976744186
226	C	1	0.011627906976744186
228	C	9	0.10465116279069768
231	G	1	0.011627906976744186
232	C	1	0.011627906976744186
232	G	1	0.011627906976744186
233	C	1	0.011627906976744186
233	G	2	0.023255813953488372
234	C	36	0.4186046511627907
235	A	25	0.29069767441860467
235	C	1	0.011627906976744186
235	T	1	0.011627906976744186
236	G	9	0.10465116279069768
236	T	14	0.16279069767441862
237	C	9	0.10465116279069768
237	G	2	0.023255813953488372
238	C	1	0.011627906976744186
239	T	13	0.1511627906976744
240	A	1	0.011627906976744186
241	T	2	0.023255813953488372
242	A	1	0.011627906976744186
245	C	1	0.011627906976744186
245	G	1	0.011627906976744186
246	T	38	0.4418604651162791
249	G	1	0.011627906976744186
253	G	1	0.011627906976744186
254	A	1	0.011627906976744186
254	C	1	0.011627906976744186
256	C	4	0.046511627906976744
257	T	1	0.011627906976744186
258	G	1	0.011627906976744186
260	A	1	0.011627906976744186
260	T	1	0.011627906976744186
261	A	1	0.011627906976744186
265	G	1	0.011627906976744186
266	G	1	0.011627906976744186
267	G	36	0.4186046511627907
268	T	19	0.22093023255813954
272	C	1	0.011627906976744186
272	T	1	0.011627906976744186
275	A	4	0.046511627906976744
277	A	2	0.023255813953488372
282	A	43	0.5
284	A	8	0.09302325581395349
284	T	5	0.05813953488372093
285	A	2	0.023255813953488372
285	C	1	0.011627906976744186
287	C	1	0.011627906976744186
288	C	2	0.023255813953488372
290	T	27	0.313953488372093
292	A	1	0.011627906976744186
293	A	1	0.011627906976744186
293	C	4	0.046511627906976744
294	G	9	0.10465116279069768
294	T	5	0.05813953488372093
296	C	5	0.05813953488372093
