Position	Nucleotide	Multiplicity	Frequency
47	A	1	0.0024271844660194173
48	C	1	0.0024271844660194173
49	G	1	0.0024271844660194173
49	T	1	0.0024271844660194173
50	T	3	0.007281553398058253
52	C	1	0.0024271844660194173
55	A	1	0.0024271844660194173
56	G	2	0.0048543689320388345
57	A	1	0.0024271844660194173
58	C	2	0.0048543689320388345
60	C	1	0.0024271844660194173
62	A	1	0.0024271844660194173
63	C	2	0.0048543689320388345
65	A	1	0.0024271844660194173
65	C	4	0.009708737864077669
66	A	16	0.038834951456310676
66	T	6	0.014563106796116505
67	A	7	0.01699029126213592
67	T	5	0.012135922330097087
68	G	13	0.03155339805825243
69	A	9	0.021844660194174758
69	C	1	0.0024271844660194173
70	T	73	0.17718446601941748
71	G	19	0.04611650485436893
71	T	1	0.0024271844660194173
72	A	1	0.0024271844660194173
72	C	2	0.0048543689320388345
72	G	1	0.0024271844660194173
73	A	1	0.0024271844660194173
74	A	2	0.0048543689320388345
74	C	3	0.007281553398058253
75	A	1	0.0024271844660194173
76	A	71	0.17233009708737865
76	C	7	0.01699029126213592
77	C	1	0.0024271844660194173
77	G	4	0.009708737864077669
78	A	26	0.06310679611650485
78	C	5	0.012135922330097087
79	A	3	0.007281553398058253
79	C	1	0.0024271844660194173
80	A	33	0.08009708737864078
80	G	69	0.16747572815533981
81	G	10	0.024271844660194174
82	A	2	0.0048543689320388345
82	G	11	0.02669902912621359
82	T	7	0.01699029126213592
83	T	3	0.007281553398058253
84	A	23	0.055825242718446605
84	C	4	0.009708737864077669
84	T	10	0.024271844660194174
85	A	1	0.0024271844660194173
85	C	16	0.038834951456310676
86	A	1	0.0024271844660194173
86	G	1	0.0024271844660194173
86	T	2	0.0048543689320388345
87	C	3	0.007281553398058253
87	G	8	0.019417475728155338
88	A	72	0.17475728155339806
88	C	53	0.12864077669902912
88	T	9	0.021844660194174758
89	A	1	0.0024271844660194173
89	C	42	0.10194174757281553
89	G	9	0.021844660194174758
90	C	1	0.0024271844660194173
90	G	16	0.038834951456310676
90	T	3	0.007281553398058253
91	A	64	0.1553398058252427
91	C	26	0.06310679611650485
91	T	2	0.0048543689320388345
92	T	42	0.10194174757281553
93	C	36	0.08737864077669903
93	G	28	0.06796116504854369
93	T	2	0.0048543689320388345
94	C	86	0.2087378640776699
94	G	9	0.021844660194174758
94	T	1	0.0024271844660194173
95	T	8	0.019417475728155338
96	C	9	0.021844660194174758
96	G	2	0.0048543689320388345
97	G	26	0.06310679611650485
97	T	2	0.0048543689320388345
99	C	4	0.009708737864077669
99	G	8	0.019417475728155338
99	T	26	0.06310679611650485
100	C	1	0.0024271844660194173
101	A	3	0.007281553398058253
101	C	22	0.05339805825242718
101	T	1	0.0024271844660194173
102	C	1	0.0024271844660194173
102	G	3	0.007281553398058253
103	C	3	0.007281553398058253
103	T	2	0.0048543689320388345
104	T	67	0.16262135922330098
105	C	2	0.0048543689320388345
108	A	30	0.07281553398058252
108	T	1	0.0024271844660194173
109	C	3	0.007281553398058253
110	A	1	0.0024271844660194173
110	T	1	0.0024271844660194173
111	T	1	0.0024271844660194173
112	A	1	0.0024271844660194173
112	T	1	0.0024271844660194173
113	A	4	0.009708737864077669
113	G	4	0.009708737864077669
113	T	4	0.009708737864077669
114	A	5	0.012135922330097087
114	T	2	0.0048543689320388345
115	C	1	0.0024271844660194173
115	G	2	0.0048543689320388345
115	T	2	0.0048543689320388345
116	A	1	0.0024271844660194173
116	T	1	0.0024271844660194173
117	A	18	0.043689320388349516
117	C	2	0.0048543689320388345
117	T	3	0.007281553398058253
118	G	3	0.007281553398058253
119	C	2	0.0048543689320388345
121	A	1	0.0024271844660194173
122	C	1	0.0024271844660194173
122	G	2	0.0048543689320388345
123	C	1	0.0024271844660194173
125	A	60	0.14563106796116504
125	C	2	0.0048543689320388345
125	T	6	0.014563106796116505
126	C	1	0.0024271844660194173
127	C	8	0.019417475728155338
127	G	6	0.014563106796116505
128	A	1	0.0024271844660194173
131	A	57	0.1383495145631068
131	C	13	0.03155339805825243
133	C	2	0.0048543689320388345
134	A	1	0.0024271844660194173
134	T	5	0.012135922330097087
135	C	5	0.012135922330097087
136	C	3	0.007281553398058253
136	G	1	0.0024271844660194173
137	A	11	0.02669902912621359
138	C	1	0.0024271844660194173
138	G	1	0.0024271844660194173
139	T	2	0.0048543689320388345
140	A	1	0.0024271844660194173
141	A	54	0.13106796116504854
141	C	4	0.009708737864077669
142	C	2	0.0048543689320388345
143	G	3	0.007281553398058253
143	T	3	0.007281553398058253
144	A	1	0.0024271844660194173
144	C	1	0.0024271844660194173
144	G	9	0.021844660194174758
145	G	2	0.0048543689320388345
145	T	1	0.0024271844660194173
146	C	3	0.007281553398058253
146	G	3	0.007281553398058253
146	T	5	0.012135922330097087
147	A	133	0.32281553398058255
147	C	93	0.22572815533980584
147	T	6	0.014563106796116505
148	A	1	0.0024271844660194173
148	C	70	0.16990291262135923
148	G	15	0.03640776699029126
149	A	5	0.012135922330097087
149	C	40	0.0970873786407767
149	G	9	0.021844660194174758
150	C	5	0.012135922330097087
150	G	9	0.021844660194174758
151	C	4	0.009708737864077669
151	G	5	0.012135922330097087
152	C	61	0.14805825242718446
152	G	5	0.012135922330097087
153	A	17	0.0412621359223301
153	C	41	0.09951456310679611
153	G	42	0.10194174757281553
154	C	73	0.17718446601941748
154	G	8	0.019417475728155338
154	T	59	0.14320388349514562
155	A	7	0.01699029126213592
155	C	13	0.03155339805825243
155	G	10	0.024271844660194174
156	C	3	0.007281553398058253
156	G	41	0.09951456310679611
157	A	18	0.043689320388349516
157	C	90	0.21844660194174756
157	T	104	0.2524271844660194
158	A	8	0.019417475728155338
158	G	35	0.08495145631067962
158	T	45	0.10922330097087378
159	A	93	0.22572815533980584
159	C	6	0.014563106796116505
159	T	1	0.0024271844660194173
160	A	181	0.4393203883495146
160	C	64	0.1553398058252427
160	T	2	0.0048543689320388345
161	A	1	0.0024271844660194173
161	C	14	0.03398058252427184
161	G	17	0.0412621359223301
162	A	82	0.19902912621359223
162	C	7	0.01699029126213592
162	T	2	0.0048543689320388345
163	A	48	0.11650485436893204
163	T	10	0.024271844660194174
164	A	28	0.06796116504854369
164	C	15	0.03640776699029126
164	G	31	0.07524271844660194
165	C	3	0.007281553398058253
165	G	158	0.38349514563106796
165	T	11	0.02669902912621359
166	A	133	0.32281553398058255
166	C	134	0.32524271844660196
166	T	8	0.019417475728155338
167	A	2	0.0048543689320388345
167	G	10	0.024271844660194174
167	T	21	0.050970873786407765
168	C	2	0.0048543689320388345
168	G	12	0.02912621359223301
168	T	1	0.0024271844660194173
169	T	1	0.0024271844660194173
170	C	2	0.0048543689320388345
170	G	25	0.06067961165048544
170	T	3	0.007281553398058253
171	A	30	0.07281553398058252
171	C	96	0.23300970873786409
171	G	3	0.007281553398058253
172	C	4	0.009708737864077669
172	G	2	0.0048543689320388345
172	T	43	0.10436893203883495
173	A	1	0.0024271844660194173
173	G	57	0.1383495145631068
173	T	8	0.019417475728155338
174	C	1	0.0024271844660194173
175	G	2	0.0048543689320388345
176	A	3	0.007281553398058253
176	T	18	0.043689320388349516
177	C	1	0.0024271844660194173
177	T	7	0.01699029126213592
178	A	1	0.0024271844660194173
178	T	2	0.0048543689320388345
179	C	3	0.007281553398058253
179	G	33	0.08009708737864078
179	T	1	0.0024271844660194173
180	A	3	0.007281553398058253
180	C	27	0.06553398058252427
180	T	2	0.0048543689320388345
181	C	1	0.0024271844660194173
181	G	5	0.012135922330097087
181	T	6	0.014563106796116505
182	G	12	0.02912621359223301
182	T	3	0.007281553398058253
183	A	1	0.0024271844660194173
183	C	2	0.0048543689320388345
183	G	6	0.014563106796116505
184	A	1	0.0024271844660194173
184	T	1	0.0024271844660194173
185	A	1	0.0024271844660194173
185	T	1	0.0024271844660194173
186	C	30	0.07281553398058252
186	T	5	0.012135922330097087
187	C	1	0.0024271844660194173
187	G	1	0.0024271844660194173
188	C	1	0.0024271844660194173
188	T	9	0.021844660194174758
189	C	57	0.1383495145631068
189	G	2	0.0048543689320388345
190	C	2	0.0048543689320388345
190	G	76	0.18446601941747573
191	T	1	0.0024271844660194173
192	T	1	0.0024271844660194173
193	A	13	0.03155339805825243
194	T	1	0.0024271844660194173
195	C	3	0.007281553398058253
195	G	2	0.0048543689320388345
196	A	3	0.007281553398058253
196	T	1	0.0024271844660194173
197	C	4	0.009708737864077669
197	G	12	0.02912621359223301
198	A	1	0.0024271844660194173
198	C	3	0.007281553398058253
198	G	1	0.0024271844660194173
199	A	1	0.0024271844660194173
200	A	2	0.0048543689320388345
200	T	5	0.012135922330097087
201	C	2	0.0048543689320388345
201	G	1	0.0024271844660194173
202	A	1	0.0024271844660194173
202	G	7	0.01699029126213592
202	T	7	0.01699029126213592
203	A	2	0.0048543689320388345
203	G	1	0.0024271844660194173
203	T	8	0.019417475728155338
204	C	4	0.009708737864077669
204	G	5	0.012135922330097087
204	T	1	0.0024271844660194173
205	C	2	0.0048543689320388345
205	G	1	0.0024271844660194173
206	G	35	0.08495145631067962
206	T	18	0.043689320388349516
207	C	2	0.0048543689320388345
207	G	1	0.0024271844660194173
208	A	1	0.0024271844660194173
209	T	6	0.014563106796116505
210	C	30	0.07281553398058252
210	G	1	0.0024271844660194173
211	A	9	0.021844660194174758
211	C	10	0.024271844660194174
211	T	1	0.0024271844660194173
212	C	1	0.0024271844660194173
212	G	7	0.01699029126213592
213	A	9	0.021844660194174758
213	T	1	0.0024271844660194173
214	C	2	0.0048543689320388345
214	G	4	0.009708737864077669
214	T	1	0.0024271844660194173
215	A	1	0.0024271844660194173
215	G	1	0.0024271844660194173
215	T	1	0.0024271844660194173
216	C	3	0.007281553398058253
216	G	60	0.14563106796116504
216	T	28	0.06796116504854369
217	C	108	0.2621359223300971
217	G	57	0.1383495145631068
217	T	2	0.0048543689320388345
218	A	16	0.038834951456310676
218	C	4	0.009708737864077669
218	G	3	0.007281553398058253
219	A	1	0.0024271844660194173
219	C	1	0.0024271844660194173
219	G	3	0.007281553398058253
220	A	3	0.007281553398058253
220	T	2	0.0048543689320388345
221	A	5	0.012135922330097087
221	G	2	0.0048543689320388345
221	T	1	0.0024271844660194173
222	C	2	0.0048543689320388345
222	G	6	0.014563106796116505
223	C	1	0.0024271844660194173
223	G	35	0.08495145631067962
223	T	1	0.0024271844660194173
224	A	1	0.0024271844660194173
224	C	3	0.007281553398058253
224	T	24	0.05825242718446602
225	C	1	0.0024271844660194173
225	G	2	0.0048543689320388345
226	C	7	0.01699029126213592
226	G	18	0.043689320388349516
227	A	6	0.014563106796116505
227	G	3	0.007281553398058253
227	T	24	0.05825242718446602
228	C	4	0.009708737864077669
228	G	5	0.012135922330097087
228	T	1	0.0024271844660194173
229	A	3	0.007281553398058253
229	G	3	0.007281553398058253
229	T	14	0.03398058252427184
230	A	54	0.13106796116504854
230	C	93	0.22572815533980584
231	A	10	0.024271844660194174
231	G	83	0.20145631067961164
231	T	60	0.14563106796116504
232	C	4	0.009708737864077669
232	G	3	0.007281553398058253
233	A	12	0.02912621359223301
233	C	1	0.0024271844660194173
233	T	18	0.043689320388349516
234	A	35	0.08495145631067962
234	C	71	0.17233009708737865
234	G	30	0.07281553398058252
235	C	57	0.1383495145631068
235	G	3	0.007281553398058253
235	T	60	0.14563106796116504
236	A	1	0.0024271844660194173
236	C	5	0.012135922330097087
236	G	7	0.01699029126213592
237	A	41	0.09951456310679611
237	G	11	0.02669902912621359
237	T	1	0.0024271844660194173
238	C	1	0.0024271844660194173
239	A	58	0.1407766990291262
239	C	51	0.12378640776699029
239	G	3	0.007281553398058253
240	A	3	0.007281553398058253
240	G	6	0.014563106796116505
241	C	1	0.0024271844660194173
242	C	1	0.0024271844660194173
242	G	87	0.2111650485436893
243	C	2	0.0048543689320388345
243	G	1	0.0024271844660194173
243	T	5	0.012135922330097087
244	G	1	0.0024271844660194173
245	A	9	0.021844660194174758
245	C	55	0.13349514563106796
245	T	40	0.0970873786407767
246	C	16	0.038834951456310676
246	G	20	0.04854368932038835
247	C	6	0.014563106796116505
247	G	6	0.014563106796116505
248	G	2	0.0048543689320388345
248	T	91	0.220873786407767
249	C	3	0.007281553398058253
249	G	60	0.14563106796116504
249	T	29	0.0703883495145631
250	A	66	0.16019417475728157
250	C	28	0.06796116504854369
251	A	2	0.0048543689320388345
251	T	6	0.014563106796116505
252	G	34	0.0825242718446602
252	T	56	0.13592233009708737
253	C	1	0.0024271844660194173
253	G	2	0.0048543689320388345
254	A	1	0.0024271844660194173
254	C	5	0.012135922330097087
254	T	4	0.009708737864077669
255	C	4	0.009708737864077669
255	G	4	0.009708737864077669
255	T	7	0.01699029126213592
256	A	4	0.009708737864077669
256	C	4	0.009708737864077669
257	C	3	0.007281553398058253
257	G	10	0.024271844660194174
257	T	3	0.007281553398058253
258	A	3	0.007281553398058253
258	T	1	0.0024271844660194173
259	G	5	0.012135922330097087
259	T	71	0.17233009708737865
260	T	1	0.0024271844660194173
261	T	2	0.0048543689320388345
263	A	5	0.012135922330097087
263	C	65	0.15776699029126215
263	T	7	0.01699029126213592
264	A	1	0.0024271844660194173
264	T	7	0.01699029126213592
266	A	3	0.007281553398058253
267	G	1	0.0024271844660194173
267	T	2	0.0048543689320388345
268	T	1	0.0024271844660194173
269	A	2	0.0048543689320388345
269	C	1	0.0024271844660194173
269	T	1	0.0024271844660194173
271	G	5	0.012135922330097087
272	C	4	0.009708737864077669
272	G	7	0.01699029126213592
273	A	17	0.0412621359223301
273	C	15	0.03640776699029126
273	T	1	0.0024271844660194173
274	A	1	0.0024271844660194173
274	C	2	0.0048543689320388345
274	G	1	0.0024271844660194173
275	A	34	0.0825242718446602
275	C	81	0.1966019417475728
275	T	21	0.050970873786407765
276	A	1	0.0024271844660194173
276	C	1	0.0024271844660194173
276	G	1	0.0024271844660194173
278	C	63	0.1529126213592233
278	G	2	0.0048543689320388345
279	C	33	0.08009708737864078
279	G	1	0.0024271844660194173
280	C	1	0.0024271844660194173
280	G	3	0.007281553398058253
280	T	61	0.14805825242718446
281	A	2	0.0048543689320388345
281	T	42	0.10194174757281553
282	A	2	0.0048543689320388345
282	C	1	0.0024271844660194173
282	G	1	0.0024271844660194173
283	A	1	0.0024271844660194173
284	C	7	0.01699029126213592
285	A	62	0.15048543689320387
285	T	29	0.0703883495145631
286	T	58	0.1407766990291262
287	A	2	0.0048543689320388345
287	C	12	0.02912621359223301
