Position	Nucleotide	Multiplicity	Frequency
48	G	1	0.002881844380403458
51	A	1	0.002881844380403458
53	C	7	0.020172910662824207
55	T	1	0.002881844380403458
56	A	8	0.023054755043227664
56	T	1	0.002881844380403458
58	C	1	0.002881844380403458
59	T	1	0.002881844380403458
62	T	3	0.008645533141210375
63	C	1	0.002881844380403458
64	A	1	0.002881844380403458
64	T	1	0.002881844380403458
65	T	8	0.023054755043227664
66	C	8	0.023054755043227664
66	G	19	0.05475504322766571
66	T	9	0.025936599423631124
67	A	3	0.008645533141210375
67	G	23	0.06628242074927954
67	T	5	0.01440922190201729
68	A	2	0.005763688760806916
68	C	7	0.020172910662824207
68	G	11	0.03170028818443804
69	A	15	0.043227665706051875
69	T	1	0.002881844380403458
71	A	15	0.043227665706051875
71	G	1	0.002881844380403458
71	T	4	0.011527377521613832
72	C	2	0.005763688760806916
73	T	1	0.002881844380403458
74	C	2	0.005763688760806916
75	A	8	0.023054755043227664
75	C	2	0.005763688760806916
76	A	2	0.005763688760806916
76	T	1	0.002881844380403458
77	C	3	0.008645533141210375
78	A	1	0.002881844380403458
78	T	1	0.002881844380403458
79	A	26	0.07492795389048991
79	C	8	0.023054755043227664
79	T	1	0.002881844380403458
80	T	3	0.008645533141210375
81	C	11	0.03170028818443804
82	T	1	0.002881844380403458
84	C	7	0.020172910662824207
84	G	9	0.025936599423631124
85	C	6	0.01729106628242075
85	G	1	0.002881844380403458
86	G	10	0.02881844380403458
86	T	3	0.008645533141210375
87	C	3	0.008645533141210375
87	G	54	0.15561959654178675
88	A	17	0.04899135446685879
88	C	6	0.01729106628242075
88	T	18	0.05187319884726225
89	A	21	0.06051873198847262
89	G	28	0.08069164265129683
89	T	27	0.07780979827089338
90	G	19	0.05475504322766571
91	A	7	0.020172910662824207
91	C	32	0.09221902017291066
91	T	21	0.06051873198847262
92	A	29	0.08357348703170028
92	C	34	0.09798270893371758
92	G	15	0.043227665706051875
93	C	20	0.05763688760806916
93	G	18	0.05187319884726225
93	T	21	0.06051873198847262
94	A	54	0.15561959654178675
94	C	3	0.008645533141210375
94	T	5	0.01440922190201729
95	A	1	0.002881844380403458
95	C	10	0.02881844380403458
96	C	2	0.005763688760806916
96	G	81	0.2334293948126801
96	T	12	0.0345821325648415
97	A	131	0.37752161383285304
97	C	43	0.1239193083573487
97	T	13	0.037463976945244955
98	A	24	0.069164265129683
98	C	34	0.09798270893371758
99	A	4	0.011527377521613832
99	C	25	0.07204610951008646
100	C	17	0.04899135446685879
100	G	2	0.005763688760806916
100	T	21	0.06051873198847262
101	T	54	0.15561959654178675
102	C	26	0.07492795389048991
103	G	1	0.002881844380403458
103	T	47	0.13544668587896252
104	T	12	0.0345821325648415
105	C	6	0.01729106628242075
106	A	1	0.002881844380403458
106	T	1	0.002881844380403458
107	A	1	0.002881844380403458
107	C	10	0.02881844380403458
108	A	13	0.037463976945244955
109	A	4	0.011527377521613832
109	C	87	0.2507204610951009
109	T	2	0.005763688760806916
110	A	9	0.025936599423631124
110	G	3	0.008645533141210375
110	T	3	0.008645533141210375
111	C	1	0.002881844380403458
113	A	1	0.002881844380403458
114	C	6	0.01729106628242075
114	G	18	0.05187319884726225
114	T	2	0.005763688760806916
116	A	5	0.01440922190201729
116	T	2	0.005763688760806916
117	T	1	0.002881844380403458
118	A	1	0.002881844380403458
118	C	1	0.002881844380403458
119	G	12	0.0345821325648415
119	T	2	0.005763688760806916
120	A	3	0.008645533141210375
121	C	6	0.01729106628242075
121	G	3	0.008645533141210375
121	T	1	0.002881844380403458
122	A	1	0.002881844380403458
123	A	1	0.002881844380403458
123	T	14	0.040345821325648415
124	A	8	0.023054755043227664
124	G	1	0.002881844380403458
125	T	1	0.002881844380403458
126	A	2	0.005763688760806916
126	G	1	0.002881844380403458
128	C	3	0.008645533141210375
129	C	3	0.008645533141210375
129	T	1	0.002881844380403458
130	A	4	0.011527377521613832
131	A	20	0.05763688760806916
131	T	6	0.01729106628242075
132	C	23	0.06628242074927954
132	G	2	0.005763688760806916
133	C	31	0.0893371757925072
133	G	7	0.020172910662824207
133	T	2	0.005763688760806916
134	A	1	0.002881844380403458
134	C	1	0.002881844380403458
136	A	28	0.08069164265129683
136	C	1	0.002881844380403458
137	A	111	0.31988472622478387
137	C	14	0.040345821325648415
137	T	1	0.002881844380403458
139	C	1	0.002881844380403458
140	C	8	0.023054755043227664
141	A	5	0.01440922190201729
141	C	22	0.06340057636887608
142	C	1	0.002881844380403458
142	T	1	0.002881844380403458
143	A	36	0.1037463976945245
143	C	4	0.011527377521613832
144	G	1	0.002881844380403458
145	A	8	0.023054755043227664
145	T	1	0.002881844380403458
146	A	1	0.002881844380403458
146	C	4	0.011527377521613832
146	T	5	0.01440922190201729
147	C	26	0.07492795389048991
147	G	3	0.008645533141210375
148	A	1	0.002881844380403458
149	C	25	0.07204610951008646
149	G	1	0.002881844380403458
150	C	1	0.002881844380403458
151	T	1	0.002881844380403458
152	A	14	0.040345821325648415
152	C	28	0.08069164265129683
153	C	1	0.002881844380403458
153	T	20	0.05763688760806916
154	A	42	0.12103746397694524
154	C	114	0.3285302593659942
155	C	48	0.138328530259366
156	C	2	0.005763688760806916
156	G	34	0.09798270893371758
156	T	4	0.011527377521613832
157	C	2	0.005763688760806916
158	A	8	0.023054755043227664
158	G	49	0.14121037463976946
158	T	22	0.06340057636887608
159	A	22	0.06340057636887608
159	C	17	0.04899135446685879
159	G	10	0.02881844380403458
160	C	48	0.138328530259366
160	G	20	0.05763688760806916
160	T	41	0.11815561959654179
161	C	24	0.069164265129683
161	G	1	0.002881844380403458
162	A	15	0.043227665706051875
162	C	1	0.002881844380403458
162	G	21	0.06051873198847262
163	G	1	0.002881844380403458
164	A	1	0.002881844380403458
164	C	38	0.10951008645533142
165	C	20	0.05763688760806916
165	G	9	0.025936599423631124
166	C	68	0.19596541786743515
167	A	20	0.05763688760806916
167	C	2	0.005763688760806916
168	A	1	0.002881844380403458
168	C	1	0.002881844380403458
168	T	4	0.011527377521613832
169	A	16	0.04610951008645533
169	T	1	0.002881844380403458
170	A	14	0.040345821325648415
170	C	14	0.040345821325648415
170	T	24	0.069164265129683
171	C	6	0.01729106628242075
171	G	70	0.2017291066282421
172	A	28	0.08069164265129683
172	C	101	0.2910662824207493
172	T	4	0.011527377521613832
173	A	15	0.043227665706051875
173	G	31	0.0893371757925072
173	T	23	0.06628242074927954
174	G	31	0.0893371757925072
174	T	1	0.002881844380403458
175	A	20	0.05763688760806916
176	A	1	0.002881844380403458
176	G	21	0.06051873198847262
176	T	38	0.10951008645533142
177	A	2	0.005763688760806916
177	C	42	0.12103746397694524
178	C	22	0.06340057636887608
178	T	31	0.0893371757925072
179	G	28	0.08069164265129683
179	T	14	0.040345821325648415
180	C	20	0.05763688760806916
180	G	9	0.025936599423631124
181	C	1	0.002881844380403458
181	T	1	0.002881844380403458
182	A	1	0.002881844380403458
182	T	2	0.005763688760806916
183	C	1	0.002881844380403458
183	G	1	0.002881844380403458
184	G	45	0.12968299711815562
185	G	2	0.005763688760806916
185	T	82	0.23631123919308358
187	T	3	0.008645533141210375
188	T	1	0.002881844380403458
189	A	3	0.008645533141210375
189	C	1	0.002881844380403458
190	A	1	0.002881844380403458
191	A	1	0.002881844380403458
191	G	1	0.002881844380403458
191	T	6	0.01729106628242075
192	G	8	0.023054755043227664
193	C	1	0.002881844380403458
194	T	8	0.023054755043227664
195	C	30	0.08645533141210375
195	G	44	0.12680115273775217
195	T	2	0.005763688760806916
196	C	9	0.025936599423631124
196	G	27	0.07780979827089338
197	C	48	0.138328530259366
198	C	14	0.040345821325648415
198	G	4	0.011527377521613832
199	A	23	0.06628242074927954
199	T	2	0.005763688760806916
200	C	8	0.023054755043227664
202	A	9	0.025936599423631124
202	C	1	0.002881844380403458
202	T	1	0.002881844380403458
203	C	3	0.008645533141210375
203	G	6	0.01729106628242075
203	T	2	0.005763688760806916
204	A	2	0.005763688760806916
204	C	1	0.002881844380403458
205	A	1	0.002881844380403458
205	C	44	0.12680115273775217
205	G	1	0.002881844380403458
206	T	1	0.002881844380403458
207	C	5	0.01440922190201729
207	G	18	0.05187319884726225
207	T	47	0.13544668587896252
208	A	8	0.023054755043227664
208	G	24	0.069164265129683
208	T	23	0.06628242074927954
209	A	1	0.002881844380403458
209	G	2	0.005763688760806916
209	T	13	0.037463976945244955
210	C	8	0.023054755043227664
210	G	24	0.069164265129683
211	A	1	0.002881844380403458
211	C	2	0.005763688760806916
212	C	44	0.12680115273775217
212	G	46	0.13256484149855907
212	T	21	0.06051873198847262
213	A	2	0.005763688760806916
213	C	3	0.008645533141210375
213	G	2	0.005763688760806916
214	A	2	0.005763688760806916
214	T	22	0.06340057636887608
215	A	1	0.002881844380403458
215	C	3	0.008645533141210375
215	G	23	0.06628242074927954
215	T	2	0.005763688760806916
216	A	65	0.1873198847262248
216	C	25	0.07204610951008646
216	T	9	0.025936599423631124
217	A	20	0.05763688760806916
217	C	5	0.01440922190201729
217	G	13	0.037463976945244955
218	C	21	0.06051873198847262
218	G	76	0.21902017291066284
218	T	10	0.02881844380403458
219	A	2	0.005763688760806916
219	C	12	0.0345821325648415
219	T	1	0.002881844380403458
220	C	2	0.005763688760806916
220	G	2	0.005763688760806916
221	A	1	0.002881844380403458
222	C	5	0.01440922190201729
222	G	20	0.05763688760806916
222	T	2	0.005763688760806916
223	G	15	0.043227665706051875
224	A	2	0.005763688760806916
224	C	1	0.002881844380403458
224	T	1	0.002881844380403458
225	A	12	0.0345821325648415
225	C	2	0.005763688760806916
226	T	1	0.002881844380403458
227	A	1	0.002881844380403458
227	G	1	0.002881844380403458
227	T	12	0.0345821325648415
228	C	5	0.01440922190201729
228	G	15	0.043227665706051875
229	C	21	0.06051873198847262
229	G	2	0.005763688760806916
230	A	5	0.01440922190201729
230	C	20	0.05763688760806916
231	C	1	0.002881844380403458
232	C	5	0.01440922190201729
232	G	12	0.0345821325648415
232	T	1	0.002881844380403458
233	A	1	0.002881844380403458
233	G	4	0.011527377521613832
233	T	34	0.09798270893371758
234	G	29	0.08357348703170028
235	C	22	0.06340057636887608
235	G	4	0.011527377521613832
235	T	2	0.005763688760806916
236	A	22	0.06340057636887608
236	C	25	0.07204610951008646
237	C	5	0.01440922190201729
237	G	10	0.02881844380403458
238	A	1	0.002881844380403458
238	C	1	0.002881844380403458
239	A	1	0.002881844380403458
239	G	1	0.002881844380403458
239	T	3	0.008645533141210375
240	A	1	0.002881844380403458
240	C	1	0.002881844380403458
240	G	1	0.002881844380403458
240	T	17	0.04899135446685879
241	A	2	0.005763688760806916
241	T	3	0.008645533141210375
242	T	1	0.002881844380403458
243	A	17	0.04899135446685879
243	T	4	0.011527377521613832
244	C	1	0.002881844380403458
244	G	1	0.002881844380403458
245	A	9	0.025936599423631124
245	T	3	0.008645533141210375
246	G	6	0.01729106628242075
247	C	1	0.002881844380403458
247	G	55	0.1585014409221902
247	T	10	0.02881844380403458
248	A	53	0.15273775216138327
248	C	37	0.10662824207492795
248	T	3	0.008645533141210375
249	A	10	0.02881844380403458
249	G	17	0.04899135446685879
249	T	39	0.11239193083573487
250	C	1	0.002881844380403458
250	G	2	0.005763688760806916
251	A	4	0.011527377521613832
251	C	1	0.002881844380403458
251	T	17	0.04899135446685879
252	C	1	0.002881844380403458
252	G	6	0.01729106628242075
252	T	20	0.05763688760806916
253	A	71	0.20461095100864554
253	C	67	0.1930835734870317
253	T	2	0.005763688760806916
254	G	63	0.18155619596541786
254	T	29	0.08357348703170028
255	C	1	0.002881844380403458
255	G	2	0.005763688760806916
256	A	1	0.002881844380403458
256	T	10	0.02881844380403458
257	C	15	0.043227665706051875
257	G	11	0.03170028818443804
258	A	2	0.005763688760806916
258	C	8	0.023054755043227664
258	T	2	0.005763688760806916
259	C	4	0.011527377521613832
259	G	1	0.002881844380403458
260	A	1	0.002881844380403458
260	T	2	0.005763688760806916
261	C	1	0.002881844380403458
261	G	2	0.005763688760806916
262	A	2	0.005763688760806916
263	A	3	0.008645533141210375
263	T	10	0.02881844380403458
264	A	1	0.002881844380403458
265	T	9	0.025936599423631124
266	T	1	0.002881844380403458
267	A	16	0.04610951008645533
267	C	1	0.002881844380403458
268	G	1	0.002881844380403458
268	T	1	0.002881844380403458
269	A	8	0.023054755043227664
269	C	2	0.005763688760806916
269	G	4	0.011527377521613832
271	C	2	0.005763688760806916
271	G	3	0.008645533141210375
271	T	1	0.002881844380403458
272	A	2	0.005763688760806916
272	T	20	0.05763688760806916
273	C	1	0.002881844380403458
276	T	2	0.005763688760806916
277	A	1	0.002881844380403458
277	T	1	0.002881844380403458
278	C	5	0.01440922190201729
278	G	1	0.002881844380403458
278	T	5	0.01440922190201729
279	A	5	0.01440922190201729
279	C	3	0.008645533141210375
281	A	49	0.14121037463976946
281	C	85	0.24495677233429394
281	T	26	0.07492795389048991
282	C	2	0.005763688760806916
283	T	11	0.03170028818443804
284	A	1	0.002881844380403458
284	C	10	0.02881844380403458
284	G	1	0.002881844380403458
285	G	2	0.005763688760806916
286	C	1	0.002881844380403458
286	G	2	0.005763688760806916
286	T	30	0.08645533141210375
287	G	1	0.002881844380403458
287	T	74	0.2132564841498559
288	C	1	0.002881844380403458
288	G	1	0.002881844380403458
289	A	2	0.005763688760806916
289	C	3	0.008645533141210375
289	T	1	0.002881844380403458
290	A	1	0.002881844380403458
290	C	24	0.069164265129683
290	G	1	0.002881844380403458
291	A	6	0.01729106628242075
291	C	2	0.005763688760806916
291	T	2	0.005763688760806916
292	A	29	0.08357348703170028
292	G	10	0.02881844380403458
292	T	13	0.037463976945244955
293	A	13	0.037463976945244955
293	C	11	0.03170028818443804
293	T	5	0.01440922190201729
