Position	Nucleotide	Multiplicity	Frequency
48	C	1	0.014925373134328358
50	T	1	0.014925373134328358
55	A	1	0.014925373134328358
56	G	1	0.014925373134328358
57	A	1	0.014925373134328358
65	C	17	0.2537313432835821
66	A	18	0.26865671641791045
66	C	1	0.014925373134328358
67	T	10	0.14925373134328357
69	A	19	0.2835820895522388
72	C	1	0.014925373134328358
76	C	19	0.2835820895522388
77	G	10	0.14925373134328357
78	C	1	0.014925373134328358
83	G	19	0.2835820895522388
84	C	1	0.014925373134328358
85	C	29	0.43283582089552236
86	G	19	0.2835820895522388
90	G	21	0.31343283582089554
91	A	22	0.3283582089552239
92	T	29	0.43283582089552236
93	C	29	0.43283582089552236
95	T	18	0.26865671641791045
97	C	10	0.14925373134328357
105	C	1	0.014925373134328358
107	C	1	0.014925373134328358
109	C	1	0.014925373134328358
111	T	1	0.014925373134328358
113	T	1	0.014925373134328358
116	C	1	0.014925373134328358
116	G	1	0.014925373134328358
118	G	29	0.43283582089552236
120	T	1	0.014925373134328358
121	T	10	0.14925373134328357
122	C	1	0.014925373134328358
124	A	3	0.04477611940298507
127	C	1	0.014925373134328358
131	A	10	0.14925373134328357
131	C	17	0.2537313432835821
132	A	1	0.014925373134328358
132	T	10	0.14925373134328357
134	A	1	0.014925373134328358
134	T	1	0.014925373134328358
135	A	19	0.2835820895522388
140	A	1	0.014925373134328358
141	C	6	0.08955223880597014
143	A	6	0.08955223880597014
144	G	19	0.2835820895522388
146	C	9	0.13432835820895522
147	T	7	0.1044776119402985
148	A	16	0.23880597014925373
148	T	18	0.26865671641791045
149	C	10	0.14925373134328357
153	C	1	0.014925373134328358
153	G	1	0.014925373134328358
154	G	7	0.1044776119402985
156	C	3	0.04477611940298507
157	A	19	0.2835820895522388
157	C	38	0.5671641791044776
158	G	6	0.08955223880597014
159	C	19	0.2835820895522388
160	C	1	0.014925373134328358
162	T	1	0.014925373134328358
164	A	9	0.13432835820895522
164	C	1	0.014925373134328358
165	C	1	0.014925373134328358
165	G	1	0.014925373134328358
166	A	1	0.014925373134328358
166	C	19	0.2835820895522388
166	T	1	0.014925373134328358
167	C	1	0.014925373134328358
167	G	1	0.014925373134328358
168	C	2	0.029850746268656716
168	G	19	0.2835820895522388
168	T	16	0.23880597014925373
169	C	14	0.208955223880597
169	T	36	0.5373134328358209
170	T	1	0.014925373134328358
172	T	1	0.014925373134328358
173	C	1	0.014925373134328358
173	G	18	0.26865671641791045
174	G	19	0.2835820895522388
175	A	19	0.2835820895522388
175	C	19	0.2835820895522388
175	G	1	0.014925373134328358
176	C	8	0.11940298507462686
176	G	6	0.08955223880597014
176	T	1	0.014925373134328358
179	T	9	0.13432835820895522
184	C	1	0.014925373134328358
184	G	19	0.2835820895522388
186	C	1	0.014925373134328358
186	G	1	0.014925373134328358
187	T	1	0.014925373134328358
189	T	1	0.014925373134328358
190	G	1	0.014925373134328358
192	G	3	0.04477611940298507
196	T	1	0.014925373134328358
200	G	1	0.014925373134328358
201	C	1	0.014925373134328358
204	C	1	0.014925373134328358
207	C	1	0.014925373134328358
207	G	3	0.04477611940298507
208	C	1	0.014925373134328358
208	G	1	0.014925373134328358
210	C	2	0.029850746268656716
210	G	2	0.029850746268656716
219	G	1	0.014925373134328358
221	A	1	0.014925373134328358
222	A	1	0.014925373134328358
228	G	6	0.08955223880597014
229	G	10	0.14925373134328357
230	A	1	0.014925373134328358
230	G	6	0.08955223880597014
232	T	1	0.014925373134328358
233	T	10	0.14925373134328357
234	G	18	0.26865671641791045
235	C	1	0.014925373134328358
235	G	1	0.014925373134328358
236	A	1	0.014925373134328358
236	C	19	0.2835820895522388
237	C	1	0.014925373134328358
238	T	19	0.2835820895522388
242	C	36	0.5373134328358209
244	C	1	0.014925373134328358
247	C	1	0.014925373134328358
250	G	1	0.014925373134328358
252	G	1	0.014925373134328358
253	A	29	0.43283582089552236
254	G	1	0.014925373134328358
259	C	1	0.014925373134328358
260	G	10	0.14925373134328357
261	C	19	0.2835820895522388
262	T	18	0.26865671641791045
266	A	1	0.014925373134328358
266	C	1	0.014925373134328358
268	T	1	0.014925373134328358
269	A	1	0.014925373134328358
269	T	1	0.014925373134328358
275	C	19	0.2835820895522388
276	A	19	0.2835820895522388
278	A	19	0.2835820895522388
278	C	26	0.3880597014925373
282	G	1	0.014925373134328358
284	A	1	0.014925373134328358
287	C	19	0.2835820895522388
288	A	19	0.2835820895522388
289	T	10	0.14925373134328357
