Position	Nucleotide	Multiplicity	Frequency
10	A	16	0.014047410008779631
10	G	19	0.016681299385425813
10	T	308	0.2704126426690079
11	A	49	0.04302019315188762
11	C	10	0.00877963125548727
11	G	5	0.004389815627743635
12	C	39	0.03424056189640035
12	G	36	0.03160667251975417
12	T	61	0.053555750658472345
13	A	41	0.035996488147497806
13	G	18	0.015803336259877086
13	T	164	0.14398595258999122
14	A	66	0.05794556628621598
14	C	232	0.20368744512730466
14	G	67	0.058823529411764705
15	C	40	0.03511852502194908
15	G	75	0.06584723441615452
15	T	32	0.028094820017559263
16	A	26	0.0228270412642669
16	G	108	0.09482001755926252
16	T	70	0.061457418788410885
17	A	74	0.0649692712906058
17	C	18	0.015803336259877086
17	G	2	0.001755926251097454
17	T	29	0.025460930640913083
18	A	15	0.013169446883230905
18	C	236	0.20719929762949957
18	G	2	0.001755926251097454
18	T	27	0.02370500438981563
19	A	21	0.018437225636523266
19	C	134	0.11764705882352941
19	G	122	0.10711150131694469
20	C	69	0.06057945566286216
20	G	54	0.04741000877963126
20	T	125	0.10974539069359086
21	A	20	0.01755926251097454
21	C	4	0.003511852502194908
21	G	26	0.0228270412642669
22	A	3	0.0026338893766461808
22	C	42	0.03687445127304653
22	T	22	0.019315188762071993
23	C	44	0.038630377524143986
24	C	1	0.000877963125548727
24	G	9	0.007901668129938543
24	T	1	0.000877963125548727
25	A	1	0.000877963125548727
25	G	44	0.038630377524143986
25	T	8	0.007023705004389816
26	C	20	0.01755926251097454
26	T	59	0.05179982440737489
27	A	1	0.000877963125548727
27	C	18	0.015803336259877086
27	G	1	0.000877963125548727
28	G	20	0.01755926251097454
28	T	3	0.0026338893766461808
34	A	1	0.000877963125548727
34	T	3	0.0026338893766461808
35	C	1	0.000877963125548727
35	T	3	0.0026338893766461808
36	G	33	0.02897278314310799
36	T	2	0.001755926251097454
37	C	38	0.033362598770851626
37	G	86	0.07550482879719052
37	T	18	0.015803336259877086
40	A	20	0.01755926251097454
40	C	2	0.001755926251097454
40	T	2	0.001755926251097454
41	C	2	0.001755926251097454
41	G	18	0.015803336259877086
