Position	Nucleotide	Multiplicity	Frequency
10	A	15	0.02577319587628866
10	C	48	0.08247422680412371
11	C	23	0.03951890034364261
11	G	1	0.001718213058419244
12	A	1	0.001718213058419244
12	T	14	0.024054982817869417
13	C	2	0.003436426116838488
14	C	2	0.003436426116838488
14	G	46	0.07903780068728522
14	T	1	0.001718213058419244
15	A	5	0.00859106529209622
15	C	15	0.02577319587628866
15	G	33	0.05670103092783505
16	A	23	0.03951890034364261
16	G	33	0.05670103092783505
16	T	12	0.020618556701030927
17	A	33	0.05670103092783505
17	C	3	0.005154639175257732
18	G	33	0.05670103092783505
18	T	1	0.001718213058419244
24	A	2	0.003436426116838488
24	T	1	0.001718213058419244
25	A	1	0.001718213058419244
25	T	2	0.003436426116838488
26	A	48	0.08247422680412371
27	A	1	0.001718213058419244
27	C	43	0.07388316151202749
27	G	68	0.11683848797250859
30	A	69	0.11855670103092783
30	G	1	0.001718213058419244
30	T	22	0.037800687285223365
31	G	34	0.058419243986254296
31	T	1	0.001718213058419244
