Position	Nucleotide	Multiplicity	Frequency
10	A	209	0.04323541580471659
10	G	197	0.040752999586263966
10	T	168	0.03475382705833678
11	A	226	0.046752172114191144
11	C	252	0.05213074058750517
11	G	111	0.022962350020686802
12	C	624	0.12908564335953662
12	G	108	0.022341745966073644
12	T	267	0.055233760860570955
13	A	58	0.011998345055854365
13	G	83	0.017170045510964006
13	T	475	0.09826230864708316
19	A	1	0.0002068680182043856
19	T	15	0.003103020273065784
20	T	7	0.0014480761274306992
21	C	22	0.004551096400496483
21	G	138	0.028547786512205214
21	T	53	0.010964004964832437
22	C	8	0.0016549441456350847
22	G	54	0.011170872983036822
22	T	2	0.0004137360364087712
25	A	1	0.0002068680182043856
25	C	4	0.0008274720728175424
25	G	55	0.011377741001241209
26	C	1	0.0002068680182043856
26	G	479	0.0990897807199007
26	T	71	0.014687629292511377
