Position	Nucleotide	Multiplicity	Frequency
10	A	4	0.0023880597014925373
10	C	120	0.07164179104477612
10	T	2	0.0011940298507462687
11	C	2	0.0011940298507462687
11	G	6	0.003582089552238806
12	A	23	0.01373134328358209
12	C	35	0.020895522388059702
12	G	10	0.005970149253731343
13	A	32	0.0191044776119403
13	C	257	0.15343283582089554
13	T	85	0.050746268656716415
14	A	4	0.0023880597014925373
14	C	68	0.04059701492537313
14	G	2	0.0011940298507462687
15	A	16	0.00955223880597015
15	G	133	0.07940298507462687
15	T	315	0.1880597014925373
21	A	14	0.00835820895522388
21	G	1	0.0005970149253731343
21	T	16	0.00955223880597015
22	A	1	0.0005970149253731343
22	G	1	0.0005970149253731343
22	T	3	0.001791044776119403
23	C	16	0.00955223880597015
23	G	115	0.06865671641791045
23	T	28	0.01671641791044776
24	C	6	0.003582089552238806
24	G	176	0.10507462686567164
24	T	17	0.010149253731343283
27	A	1	0.0005970149253731343
27	C	10	0.005970149253731343
28	C	1	0.0005970149253731343
28	G	22	0.013134328358208954
28	T	1	0.0005970149253731343
