Position	Nucleotide	Multiplicity	Frequency
11	A	3	0.03614457831325301
11	G	2	0.024096385542168676
11	T	6	0.07228915662650602
12	A	4	0.04819277108433735
12	G	6	0.07228915662650602
12	T	4	0.04819277108433735
13	C	1	0.012048192771084338
13	G	2	0.024096385542168676
13	T	11	0.13253012048192772
14	A	17	0.20481927710843373
14	C	46	0.5542168674698795
14	T	2	0.024096385542168676
15	A	3	0.03614457831325301
15	T	20	0.24096385542168675
16	C	5	0.060240963855421686
16	T	1	0.012048192771084338
17	A	2	0.024096385542168676
17	T	20	0.24096385542168675
25	C	2	0.024096385542168676
29	A	50	0.6024096385542169
29	G	6	0.07228915662650602
30	G	2	0.024096385542168676
