Position	Nucleotide	Multiplicity	Frequency
10	G	88	0.05216360403082395
10	T	11	0.006520450503852994
11	A	31	0.018375815056312982
11	C	33	0.01956135151155898
11	T	4	0.0023710729104919974
12	C	577	0.34202726733847066
12	G	6	0.0035566093657379964
12	T	7	0.004149377593360996
13	A	63	0.03734439834024896
13	G	33	0.01956135151155898
13	T	2	0.0011855364552459987
14	A	78	0.046235921754593956
14	C	1	0.0005927682276229994
14	G	578	0.34262003556609366
14	T	8	0.004742145820983995
15	A	144	0.08535862477771192
15	G	3	0.0017783046828689982
15	T	618	0.3663307646710136
16	A	4	0.0023710729104919974
16	G	5	0.002963841138114997
16	T	47	0.027860106698280974
22	T	1	0.0005927682276229994
23	T	6	0.0035566093657379964
24	C	1	0.0005927682276229994
24	G	32	0.01896858328393598
25	G	238	0.14107883817427386
25	T	1	0.0005927682276229994
28	C	1	0.0005927682276229994
28	G	9	0.005334914048606995
28	T	57	0.033787788974510964
29	C	2	0.0011855364552459987
29	G	56	0.03319502074688797
29	T	10	0.005927682276229994
